[Header]
20
7
12
20
12
12
37
13
20
27
25
32
34
37
38
44
45
50
56
53
65
[Nodes]
12x20
1
6
8
12
-1.0
1
6
4
6
2.0
5
12
4
6
2.0
0
0.127984806895256
-0.7110831737518311
0.8395274877548218
0
0.0
0
0.0
0
3
12
2
-1.0
0
4
12
1
2.0
0
0
0
0
0.0
0
5.036627044319175e-5
-0.7795838713645935
0.4116176962852478
0
0.0
0
0.0
0
18
12
2
-1.0
0
18
6
1
2.0
6
19
6
1
2.0
0
-0.01139822043478489
0.5599119067192078
-0.529938817024231
0
0.0
0
0.0
6
3
3
6
-1.0
4
5
3
2
3.0
0
0
0
0
0.0
1
0.02889739908277988
-0.09602303057909012
0.1844688951969147
0
0.0
0
0.0
6
3
6
3
-1.0
8
5
2
3
3.0
0
0
0
0
0.0
1
-0.005754344165325165
0.3908390998840332
-0.7079821825027466
0
0.0
0
0.0
0
0
12
16
-1.0
0
8
12
8
2.0
0
0
0
0
0.0
0
0.01275866013020277
-0.7603151798248291
0.2645271122455597
0
0.0
0
0.0
4
0
4
1
-1.0
6
0
2
1
2.0
0
0
0
0
0.0
0
-4.169865133007988e-5
0.3233228921890259
-0.5740202069282532
0
0.0
0
0.0
-1.689782977104187
1
6
8
12
-1.0
1
6
4
6
2.0
5
12
4
6
2.0
0
0.1759883016347885
-0.5923410058021545
0.7849395871162415
0
0.0
0
0.0
0
0
12
8
-1.0
0
4
12
4
2.0
0
0
0
0
0.0
0
0.038594089448452
-0.6818758249282837
0.3816606104373932
0
0.0
0
0.0
6
8
6
6
-1.0
4
10
6
2
3.0
0
0
0
0
0.0
1
0.1205291002988815
-0.3743805885314941
0.5211251974105835
0
0.0
0
0.0
4
12
8
8
-1.0
4
12
4
8
2.0
0
0
0
0
0.0
0
0.213049903512001
0.009781916625797749
-0.6579828262329102
0
0.0
0
0.0
0
12
8
8
-1.0
4
12
4
8
2.0
0
0
0
0
0.0
0
-0.1917908042669296
0.8899385929107666
-0.2374293059110641
0
0.0
0
0.0
6
3
3
6
-1.0
4
5
3
2
3.0
0
0
0
0
0.0
1
0.003764925990253687
-0.09207165986299515
0.1599572002887726
0
0.0
0
0.0
3
4
6
12
-1.0
3
7
6
6
2.0
0
0
0
0
0.0
0
-0.007439780049026012
0.3509185016155243
-0.5288035869598389
0
0.0
0
0.0
8
0
4
18
-1.0
8
0
2
18
2.0
0
0
0
0
0.0
0
0.08130001276731491
0.04702702909708023
-0.4814141988754272
0
0.0
0
0.0
0
0
4
18
-1.0
2
0
2
18
2.0
0
0
0
0
0.0
0
0.079818956553936
-0.3033689856529236
0.5799208283424377
0
0.0
0
0.0
1
0
10
16
-1.0
1
8
10
8
2.0
0
0
0
0
0.0
0
0.03926048055291176
-0.6118962168693542
0.2470052987337112
0
0.0
0
0.0
0
18
12
2
-1.0
0
18
6
1
2.0
6
19
6
1
2.0
0
-0.008698112331330776
0.3042795062065125
-0.4316532015800476
0
0.0
0
0.0
3
0
6
1
-1.0
3
0
3
1
2.0
0
0
0
0
0.0
0
5.57664898224175e-5
-0.5499563217163086
0.2419625967741013
0
0.0
0
0.0
-1.620383024215698
1
6
8
12
-1.0
1
6
4
6
2.0
5
12
4
6
2.0
0
0.1999133974313736
-0.510760486125946
0.7265331149101257
0
0.0
0
0.0
8
3
2
4
-1.0
7
4
2
2
2.0
0
0
0
0
0.0
1
-0.0001603269047336653
0.1173288002610207
-0.1985141038894653
0
0.0
0
0.0
3
3
4
6
-1.0
3
5
4
2
3.0
0
0
0
0
0.0
0
0.006245944183319807
-0.6245499849319458
0.413178414106369
0
0.0
0
0.0
0
0
12
12
-1.0
0
6
12
6
2.0
0
0
0
0
0.0
0
0.005534340161830187
-0.8223837018013
0.2260058969259262
0
0.0
0
0.0
6
8
6
6
-1.0
4
10
6
2
3.0
0
0
0
0
0.0
1
0.1075761020183563
-0.5552573800086975
0.435642808675766
0
0.0
0
0.0
8
3
1
8
-1.0
6
5
1
4
2.0
0
0
0
0
0.0
1
-0.009955661371350288
0.2980895042419434
-0.302209198474884
0
0.0
0
0.0
2
0
8
1
-1.0
6
0
4
1
2.0
0
0
0
0
0.0
0
-4.835436993744224e-5
0.4404737949371338
-0.6694656014442444
0
0.0
0
0.0
11
0
1
8
-1.0
9
2
1
4
2.0
0
0
0
0
0.0
1
0.0001974398037418723
-0.2509414851665497
0.1981440037488937
0
0.0
0
0.0
4
3
8
1
-1.0
6
5
4
1
2.0
0
0
0
0
0.0
1
-4.409876055433415e-5
0.3068923056125641
-0.6677560806274414
0
0.0
0
0.0
8
4
4
13
-1.0
8
4
2
13
2.0
0
0
0
0
0.0
0
-0.01794173009693623
0.2739957869052887
-0.2967149913311005
0
0.0
0
0.0
3
0
1
8
-1.0
3
4
1
4
2.0
0
0
0
0
0.0
0
5.329104169504717e-5
-0.671002984046936
0.2469089031219482
0
0.0
0
0.0
0
18
12
2
-1.0
6
18
6
1
2.0
0
19
6
1
2.0
0
0.006440711207687855
-0.527232825756073
0.247828796505928
0
0.0
0
0.0
6
11
1
6
-1.0
6
11
1
3
2.0
0
0
0
0
0.0
1
-0.04992599040269852
0.8216832280158997
-0.240127295255661
0
0.0
0
0.0
8
0
4
17
-1.0
8
0
2
17
2.0
0
0
0
0
0.0
0
0.002414803020656109
-0.03868972137570381
0.1931809037923813
0
0.0
0
0.0
0
0
4
17
-1.0
2
0
2
17
2.0
0
0
0
0
0.0
0
0.06253412365913391
-0.4107716977596283
0.6066578030586243
0
0.0
0
0.0
0
12
12
8
-1.0
0
14
12
4
2.0
0
0
0
0
0.0
0
8.891798643162474e-5
-0.6760159134864807
0.312521904706955
0
0.0
0
0.0
2
7
6
2
-1.0
5
7
3
2
2.0
0
0
0
0
0.0
0
-0.0002244790957774967
0.18520550429821
-0.779429018497467
0
0.0
0
0.0
3
0
7
16
-1.0
3
8
7
8
2.0
0
0
0
0
0.0
0
0.0001815633004298434
-0.669564425945282
0.1583738029003143
0
0.0
0
0.0
0
0
3
2
-1.0
0
1
3
1
2.0
0
0
0
0
0.0
0
5.036627044319175e-5
-0.4677005112171173
0.2453918009996414
0
0.0
0
0.0
3
8
6
8
-1.0
3
12
6
4
2.0
0
0
0
0
0.0
0
6.077684884076007e-5
-0.6835489869117737
0.186646893620491
0
0.0
0
0.0
-2.123411893844604
1
7
8
12
-1.0
1
7
4
6
2.0
5
13
4
6
2.0
0
0.1599082052707672
-0.6271436810493469
0.724246084690094
0
0.0
0
0.0
6
5
2
2
-1.0
6
5
2
1
2.0
0
0
0
0
0.0
1
0.007637284230440855
0.08774048835039139
-0.5243027806282043
0
0.0
0
0.0
5
3
1
6
-1.0
5
5
1
2
3.0
0
0
0
0
0.0
0
0.006062515079975128
-0.4311986863613129
0.4685752093791962
0
0.0
0
0.0
10
11
2
7
-1.0
10
11
1
7
2.0
0
0
0
0
0.0
1
0.02589764073491096
0.01586651057004929
-0.6597974896430969
0
0.0
0
0.0
2
11
7
2
-1.0
2
11
7
1
2.0
0
0
0
0
0.0
1
0.05888544023036957
-0.2115700989961624
0.6794297099113464
0
0.0
0
0.0
2
16
10
4
-1.0
2
16
5
4
2.0
0
0
0
0
0.0
0
0.1185017973184586
-0.1036624982953072
0.7464591264724731
0
0.0
0
0.0
0
17
1
3
-1.0
0
18
1
1
3.0
0
0
0
0
0.0
0
-0.001665525021962821
-0.6701555252075195
0.2219202965497971
0
0.0
0
0.0
11
18
1
2
-1.0
11
19
1
1
2.0
0
0
0
0
0.0
0
-4.478347909753211e-5
0.2540405094623566
-0.4956296980381012
0
0.0
0
0.0
0
18
1
2
-1.0
0
19
1
1
2.0
0
0
0
0
0.0
0
-0.0008348196279257536
-0.7337043881416321
0.202664703130722
0
0.0
0
0.0
9
7
3
3
-1.0
9
8
3
1
3.0
0
0
0
0
0.0
0
-0.009315746836364269
-0.7341200709342957
0.07200050354003906
0
0.0
0
0.0
6
4
4
3
-1.0
7
5
2
3
2.0
0
0
0
0
0.0
1
-0.02955514937639236
0.5119590163230896
-0.2544629871845245
0
0.0
0
0.0
8
4
4
3
-1.0
8
5
4
1
3.0
0
0
0
0
0.0
0
-0.007902907207608223
-0.5329955220222473
0.08829536288976669
0
0.0
0
0.0
-1.435179948806763
4
11
5
4
-1.0
4
11
5
2
2.0
0
0
0
0
0.0
1
0.09884330630302429
-0.5063164830207825
0.6302766799926758
0
0.0
0
0.0
7
4
2
4
-1.0
7
4
2
2
2.0
0
0
0
0
0.0
1
-0.004221093840897083
0.1783715039491653
-0.3326849043369293
0
0.0
0
0.0
5
4
4
2
-1.0
5
4
2
2
2.0
0
0
0
0
0.0
1
0.02996709942817688
-0.4520133137702942
0.4647397994995117
0
0.0
0
0.0
8
9
2
8
-1.0
8
9
2
4
2.0
0
0
0
0
0.0
1
-0.1670286953449249
0.8051434755325317
-0.04061678051948547
0
0.0
0
0.0
4
9
8
2
-1.0
4
9
4
2
2.0
0
0
0
0
0.0
1
0.01997675932943821
0.20976160466671
-0.7314959168434143
0
0.0
0
0.0
0
0
12
8
-1.0
0
4
12
4
2.0
0
0
0
0
0.0
0
0.08186061680316925
-0.5426840782165527
0.2163425981998444
0
0.0
0
0.0
0
0
8
1
-1.0
2
0
4
1
2.0
0
0
0
0
0.0
0
0.01270982995629311
-0.2498935014009476
0.4726266860961914
0
0.0
0
0.0
0
7
12
4
-1.0
3
7
6
4
2.0
0
0
0
0
0.0
0
-0.03497987985610962
0.3042095899581909
-0.3522455096244812
0
0.0
0
0.0
0
16
1
2
-1.0
0
17
1
1
2.0
0
0
0
0
0.0
0
-0.001322373980656266
-0.6971225142478943
0.1691266000270844
0
0.0
0
0.0
3
16
6
4
-1.0
3
18
6
2
2.0
0
0
0
0
0.0
0
-0.02328231930732727
0.3397201895713806
-0.3663972914218903
0
0.0
0
0.0
0
16
10
4
-1.0
5
16
5
4
2.0
0
0
0
0
0.0
0
-0.1551759988069534
0.73445862531662
-0.18277870118618
0
0.0
0
0.0
8
6
4
12
-1.0
8
6
2
12
2.0
0
0
0
0
0.0
0
-0.03922203928232193
0.3592373132705688
-0.1123320981860161
0
0.0
0
0.0
-1.380099058151245
0
5
4
11
-1.0
2
5
2
11
2.0
0
0
0
0
0.0
0
0.06261693686246872
-0.4853348135948181
0.6153885126113892
0
0.0
0
0.0
0
18
12
2
-1.0
6
18
6
1
2.0
0
19
6
1
2.0
0
0.01161953993141651
-0.5766745805740356
0.3855791985988617
0
0.0
0
0.0
1
7
8
1
-1.0
5
7
4
1
2.0
0
0
0
0
0.0
0
-0.005756694823503494
0.266347199678421
-0.8209058046340942
0
0.0
0
0.0
0
0
12
10
-1.0
0
5
12
5
2.0
0
0
0
0
0.0
0
0.009231548756361008
-0.807209312915802
0.2032333016395569
0
0.0
0
0.0
3
3
6
12
-1.0
3
7
6
4
3.0
0
0
0
0
0.0
0
-0.003365631913766265
0.2033490985631943
-0.7480214238166809
0
0.0
0
0.0
1
0
10
1
-1.0
1
0
5
1
2.0
0
0
0
0
0.0
0
0.0001265539031010121
-0.5888028740882874
0.1763103008270264
0
0.0
0
0.0
6
7
6
6
-1.0
4
9
6
2
3.0
0
0
0
0
0.0
1
0.1034576967358589
-0.4221158921718597
0.3367719054222107
0
0.0
0
0.0
7
2
1
8
-1.0
7
4
1
4
2.0
0
0
0
0
0.0
0
-0.000170508399605751
0.1888538002967834
-0.2662625908851624
0
0.0
0
0.0
2
2
8
4
-1.0
2
4
8
2
2.0
0
0
0
0
0.0
0
0.0001179305036203004
-0.7105600237846375
0.2268484979867935
0
0.0
0
0.0
0
7
12
7
-1.0
3
7
6
7
2.0
0
0
0
0
0.0
0
-0.09746093302965164
0.4245102107524872
-0.3950130939483643
0
0.0
0
0.0
3
16
6
4
-1.0
3
18
6
2
2.0
0
0
0
0
0.0
0
-0.01751267910003662
0.3655298054218292
-0.3572466969490051
0
0.0
0
0.0
10
2
1
18
-1.0
10
11
1
9
2.0
0
0
0
0
0.0
0
0.0001715629041427746
-0.3125936090946198
0.1144606024026871
0
0.0
0
0.0
1
4
1
16
-1.0
1
12
1
8
2.0
0
0
0
0
0.0
0
0.08557488769292831
-0.2055916041135788
0.8994162082672119
0
0.0
0
0.0
4
0
4
18
-1.0
4
9
4
9
2.0
0
0
0
0
0.0
0
0.001175957964733243
-0.7593981027603149
0.2138957977294922
0
0.0
0
0.0
0
0
4
1
-1.0
2
0
2
1
2.0
0
0
0
0
0.0
0
8.806829282548279e-5
-0.6009054183959961
0.2576271891593933
0
0.0
0
0.0
7
2
1
8
-1.0
7
4
1
4
2.0
0
0
0
0
0.0
0
0.0002300352061865851
-0.4146654009819031
0.2308446019887924
0
0.0
0
0.0
6
3
6
2
-1.0
8
5
2
2
3.0
0
0
0
0
0.0
1
-0.0003436189144849777
0.3273007869720459
-0.7460994124412537
0
0.0
0
0.0
7
11
2
6
-1.0
7
11
2
3
2.0
0
0
0
0
0.0
1
0.01559599954634905
-0.3605057001113892
0.1941480040550232
0
0.0
0
0.0
4
8
6
4
-1.0
6
10
2
4
3.0
0
0
0
0
0.0
1
-6.502986798295751e-5
0.3498564064502716
-0.5535343885421753
0
0.0
0
0.0
2
0
8
2
-1.0
2
1
8
1
2.0
0
0
0
0
0.0
0
8.079908729996532e-5
-0.4129854142665863
0.2919428050518036
0
0.0
0
0.0
0
3
3
7
-1.0
1
3
1
7
3.0
0
0
0
0
0.0
0
-0.01767056062817574
0.5681148767471313
-0.3011839091777802
0
0.0
0
0.0
8
1
4
8
-1.0
8
5
4
4
2.0
0
0
0
0
0.0
0
0.005246743094176054
-0.3997007012367249
0.2540597915649414
0
0.0
0
0.0
0
16
12
4
-1.0
0
17
12
2
2.0
0
0
0
0
0.0
0
0.0002762473013717681
-0.4630641937255859
0.2720091044902802
0
0.0
0
0.0
8
1
3
8
-1.0
8
5
3
4
2.0
0
0
0
0
0.0
0
-0.0007628342718817294
0.4771094024181366
-0.2845647931098938
0
0.0
0
0.0
3
1
1
8
-1.0
3
5
1
4
2.0
0
0
0
0
0.0
0
5.472090924740769e-5
-0.59415602684021
0.2845655977725983
0
0.0
0
0.0
8
0
1
8
-1.0
6
2
1
4
2.0
0
0
0
0
0.0
1
-5.852396134287119e-5
0.1869972050189972
-0.29498028755188
0
0.0
0
0.0
4
1
2
7
-1.0
5
1
1
7
2.0
0
0
0
0
0.0
0
-0.000230309902690351
0.3141936957836151
-0.5296624898910522
0
0.0
0
0.0
9
6
3
5
-1.0
10
6
1
5
3.0
0
0
0
0
0.0
0
0.001274305046536028
-0.3438678979873657
0.2712638974189758
0
0.0
0
0.0
0
13
12
6
-1.0
0
15
12
2
3.0
0
0
0
0
0.0
0
0.001106629031710327
-0.4522858858108521
0.2486059069633484
0
0.0
0
0.0
0
0
12
10
-1.0
6
0
6
5
2.0
0
5
6
5
2.0
0
-0.001422598958015442
0.3384808897972107
-0.4121460914611816
0
0.0
0
0.0
0
4
3
7
-1.0
1
4
1
7
3.0
0
0
0
0
0.0
0
0.018614599481225
-0.1911087036132812
0.6411545276641846
0
0.0
0
0.0
2
2
8
2
-1.0
2
3
8
1
2.0
0
0
0
0
0.0
0
4.583289046422578e-5
-0.58493572473526
0.253142386674881
0
0.0
0
0.0
5
1
1
6
-1.0
5
3
1
2
3.0
0
0
0
0
0.0
0
-9.987528756028041e-5
0.3605139851570129
-0.5323119163513184
0
0.0
0
0.0
7
5
4
7
-1.0
7
5
2
7
2.0
0
0
0
0
0.0
1
-0.01127792987972498
0.2776637971401215
-0.2417659014463425
0
0.0
0
0.0
0
17
12
3
-1.0
6
17
6
3
2.0
0
0
0
0
0.0
0
-0.1527960002422333
0.8343331813812256
-0.1869203001260757
0
0.0
0
0.0
2
10
8
10
-1.0
6
10
4
5
2.0
2
15
4
5
2.0
0
-0.03629427030682564
0.3991994857788086
-0.4111925959587097
0
0.0
0
0.0
3
0
2
20
-1.0
3
5
2
10
2.0
0
0
0
0
0.0
0
-0.04543681815266609
0.6809306740760803
-0.146694004535675
0
0.0
0
0.0
-2.074911117553711
1
6
8
12
-1.0
1
6
4
6
2.0
5
12
4
6
2.0
0
0.1632874011993408
-0.6043533086776733
0.550524115562439
0
0.0
0
0.0
0
3
12
2
-1.0
0
4
12
1
2.0
0
0
0
0
0.0
0
9.70926193986088e-5
-0.902288019657135
0.2628166973590851
0
0.0
0
0.0
1
5
7
6
-1.0
1
7
7
2
3.0
0
0
0
0
0.0
0
-0.0002720573102124035
0.2834101021289825
-0.8137292265892029
0
0.0
0
0.0
0
0
12
14
-1.0
0
7
12
7
2.0
0
0
0
0
0.0
0
0.001812868053093553
-0.8336238265037537
0.2130769044160843
0
0.0
0
0.0
0
18
12
2
-1.0
0
18
6
1
2.0
6
19
6
1
2.0
0
-0.008705299347639084
0.2830365002155304
-0.7239273190498352
0
0.0
0
0.0
10
10
2
4
-1.0
10
10
2
2
2.0
0
0
0
0
0.0
1
-5.687239899998531e-5
0.1384488940238953
-0.5028784275054932
0
0.0
0
0.0
3
4
2
1
-1.0
3
4
1
1
2.0
0
0
0
0
0.0
1
0.03743553906679153
-0.01056458987295628
-1555.671997070312
0
0.0
0
0.0
9
7
2
3
-1.0
9
8
2
1
3.0
0
0
0
0
0.0
0
0.01532427035272121
0.1398859024047852
-0.6131681799888611
0
0.0
0
0.0
0
0
10
2
-1.0
0
1
10
1
2.0
0
0
0
0
0.0
0
0.0214109793305397
-0.22393199801445
0.562335729598999
0
0.0
0
0.0
7
8
5
4
-1.0
7
9
5
2
2.0
0
0
0
0
0.0
0
0.0001979504013434052
-0.2345952987670898
0.138778492808342
0
0.0
0
0.0
1
7
2
3
-1.0
1
8
2
1
3.0
0
0
0
0
0.0
0
-0.005146163981407881
-0.896662712097168
0.1435441970825195
0
0.0
0
0.0
6
16
2
2
-1.0
6
16
2
1
2.0
0
0
0
0
0.0
1
-0.03349174931645393
0.81797057390213
-0.08173789829015732
0
0.0
0
0.0
6
16
2
2
-1.0
6
16
1
2
2.0
0
0
0
0
0.0
1
-0.007367492187768221
-0.6525995135307312
0.1721168011426926
0
0.0
0
0.0
-1.840464949607849
0
0
4
16
-1.0
2
0
2
16
2.0
0
0
0
0
0.0
0
0.07350818067789078
-0.4661492109298706
0.5069435834884644
0
0.0
0
0.0
5
0
2
3
-1.0
5
1
2
1
3.0
0
0
0
0
0.0
0
0.008538646623492241
-0.2448213994503021
0.609211802482605
0
0.0
0
0.0
1
6
8
12
-1.0
1
6
4
6
2.0
5
12
4
6
2.0
0
0.2226555049419403
-0.2308761030435562
0.4418171048164368
0
0.0
0
0.0
6
11
6
9
-1.0
6
11
3
9
2.0
0
0
0
0
0.0
0
0.0749940425157547
0.1150616034865379
-0.5541782975196838
0
0.0
0
0.0
0
11
6
9
-1.0
3
11
3
9
2.0
0
0
0
0
0.0
0
-0.1675512045621872
0.7465301752090454
-0.1343107968568802
0
0.0
0
0.0
9
11
3
5
-1.0
10
12
1
5
3.0
0
0
0
0
0.0
1
-0.02413872070610523
-0.4959208965301514
0.06257873028516769
0
0.0
0
0.0
1
0
3
1
-1.0
2
1
1
1
3.0
0
0
0
0
0.0
1
0.01162032037973404
-0.179774597287178
0.5687357783317566
0
0.0
0
0.0
9
11
3
5
-1.0
10
12
1
5
3.0
0
0
0
0
0.0
1
0.04882141947746277
0.04277414828538895
-0.6044083833694458
0
0.0
0
0.0
3
11
5
3
-1.0
2
12
5
1
3.0
0
0
0
0
0.0
1
0.035715501755476
-0.2016941010951996
0.5185555815696716
0
0.0
0
0.0
6
6
1
3
-1.0
5
7
1
1
3.0
0
0
0
0
0.0
1
-0.01701146923005581
-0.6616374254226685
0.04513747990131378
0
0.0
0
0.0
6
6
3
1
-1.0
7
7
1
1
3.0
0
0
0
0
0.0
1
-0.01602757908403873
0.5420519709587097
-0.183114305138588
0
0.0
0
0.0
7
9
3
2
-1.0
7
10
3
1
2.0
0
0
0
0
0.0
0
0.009671295061707497
0.03408569842576981
-0.3654440939426422
0
0.0
0
0.0
1
18
1
2
-1.0
1
19
1
1
2.0
0
0
0
0
0.0
0
-0.001032565021887422
-0.7055922150611877
0.1283982992172241
0
0.0
0
0.0
10
18
1
2
-1.0
10
19
1
1
2.0
0
0
0
0
0.0
0
-0.0005743834772147238
0.204133003950119
-0.4602105915546417
0
0.0
0
0.0
1
18
1
2
-1.0
1
19
1
1
2.0
0
0
0
0
0.0
0
0.001257934956811368
0.1969656944274902
-0.4965961873531342
0
0.0
0
0.0
7
9
3
2
-1.0
7
10
3
1
2.0
0
0
0
0
0.0
0
-0.02327265962958336
-0.640838623046875
-0.01314544025808573
0
0.0
0
0.0
2
9
3
2
-1.0
2
10
3
1
2.0
0
0
0
0
0.0
0
-0.004816373810172081
-0.7463592290878296
0.1156931966543198
0
0.0
0
0.0
8
8
4
3
-1.0
8
9
4
1
3.0
0
0
0
0
0.0
0
0.0002688090899027884
-0.1702024042606354
0.1098909005522728
0
0.0
0
0.0
0
8
4
3
-1.0
0
9
4
1
3.0
0
0
0
0
0.0
0
-0.009130261838436127
-0.8608425259590149
0.1050757989287376
0
0.0
0
0.0
0
0
12
8
-1.0
0
4
12
4
2.0
0
0
0
0
0.0
0
0.1529086977243423
-0.3044295012950897
0.2969106137752533
0
0.0
0
0.0
-1.356353998184204
0
4
8
11
-1.0
2
4
4
11
2.0
0
0
0
0
0.0
0
0.1087026000022888
-0.3920839130878448
0.4244163930416107
0
0.0
0
0.0
9
0
1
3
-1.0
9
1
1
1
3.0
0
0
0
0
0.0
0
-8.543601143173873e-5
0.1164849027991295
-0.1226150989532471
0
0.0
0
0.0
1
0
2
3
-1.0
1
1
2
1
3.0
0
0
0
0
0.0
0
0.008789727464318275
-0.2222370952367783
0.5823994278907776
0
0.0
0
0.0
0
18
12
2
-1.0
6
18
6
1
2.0
0
19
6
1
2.0
0
0.01909239031374454
-0.2822265028953552
0.347806304693222
0
0.0
0
0.0
6
3
6
6
-1.0
8
5
2
6
3.0
0
0
0
0
0.0
1
-0.01469219010323286
0.2443618029356003
-0.4444226026535034
0
0.0
0
0.0
10
12
2
6
-1.0
10
12
1
6
2.0
0
0
0
0
0.0
1
0.01742424070835114
0.03964269906282425
-0.5086650252342224
0
0.0
0
0.0
2
12
6
2
-1.0
2
12
6
1
2.0
0
0
0
0
0.0
1
0.06921088695526123
-0.1506108045578003
0.549182116985321
0
0.0
0
0.0
4
14
8
5
-1.0
4
14
4
5
2.0
0
0
0
0
0.0
0
0.1151646003127098
0.004705854225903749
-0.6087216734886169
0
0.0
0
0.0
0
15
8
3
-1.0
4
15
4
3
2.0
0
0
0
0
0.0
0
-0.09078396856784821
0.7666189074516296
-0.1153277009725571
0
0.0
0
0.0
6
7
6
6
-1.0
8
9
2
6
3.0
0
0
0
0
0.0
1
0.09345986694097519
0.07732421159744263
-0.7286984920501709
0
0.0
0
0.0
6
7
6
6
-1.0
4
9
6
2
3.0
0
0
0
0
0.0
1
0.1406341046094894
-0.3028078079223633
0.2999699115753174
0
0.0
0
0.0
5
4
2
4
-1.0
5
5
2
2
2.0
0
0
0
0
0.0
0
0.007570284884423018
-0.25590381026268
0.3441663086414337
0
0.0
0
0.0
0
8
3
3
-1.0
0
9
3
1
3.0
0
0
0
0
0.0
0
0.008154265582561493
0.1201881021261215
-0.85254168510437
0
0.0
0
0.0
8
15
2
3
-1.0
7
16
2
1
3.0
0
0
0
0
0.0
1
0.008735766634345055
-0.121773399412632
0.08222612738609314
0
0.0
0
0.0
4
15
3
2
-1.0
5
16
1
2
3.0
0
0
0
0
0.0
1
-0.006944478023797274
-0.6111196279525757
0.1348644942045212
0
0.0
0
0.0
9
14
3
3
-1.0
8
15
3
1
3.0
0
0
0
0
0.0
1
-0.004300022963434458
-0.3473002016544342
0.04455449059605598
0
0.0
0
0.0
3
12
5
3
-1.0
2
13
5
1
3.0
0
0
0
0
0.0
1
0.04072016105055809
-0.1261862963438034
0.6028615236282349
0
0.0
0
0.0
0
0
12
2
-1.0
3
0
6
2
2.0
0
0
0
0
0.0
0
-0.01000996958464384
-0.45014089345932
0.1809200942516327
0
0.0
0
0.0
0
9
3
4
-1.0
0
10
3
2
2.0
0
0
0
0
0.0
0
0.01174202002584934
0.08172137290239334
-0.8073909878730774
0
0.0
0
0.0
8
10
4
6
-1.0
8
12
4
2
3.0
0
0
0
0
0.0
0
-0.0009778985986486077
0.06604191660881042
-0.1414200067520142
0
0.0
0
0.0
0
10
4
6
-1.0
0
12
4
2
3.0
0
0
0
0
0.0
0
0.03448797017335892
0.1048815026879311
-0.7163543105125427
0
0.0
0
0.0
6
5
2
3
-1.0
5
6
2
1
3.0
0
0
0
0
0.0
1
-0.02421562001109123
-0.5945448279380798
0.01240096986293793
0
0.0
0
0.0
6
5
3
2
-1.0
7
6
1
2
3.0
0
0
0
0
0.0
1
-0.03708237037062645
0.6583042740821838
-0.1215820014476776
0
0.0
0
0.0
2
0
8
1
-1.0
2
0
4
1
2.0
0
0
0
0
0.0
0
-0.004363290965557098
-0.6529071927070618
0.1222852990031242
0
0.0
0
0.0
0
5
3
2
-1.0
0
6
3
1
2.0
0
0
0
0
0.0
0
-0.004169263876974583
-0.7310777902603149
0.07794629782438278
0
0.0
0
0.0
8
14
2
3
-1.0
7
15
2
1
3.0
0
0
0
0
0.0
1
0.06063687056303024
-0.01306197978556156
-0.8040814995765686
0
0.0
0
0.0
4
14
3
2
-1.0
5
15
1
2
3.0
0
0
0
0
0.0
1
0.01537158992141485
0.07987277954816818
-0.8536334037780762
0
0.0
0
0.0
-1.480064988136292
3
2
3
8
-1.0
3
4
3
4
2.0
0
0
0
0
0.0
0
0.01503372006118298
-0.5333365797996521
0.3409619033336639
0
0.0
0
0.0
3
7
8
12
-1.0
7
7
4
6
2.0
3
13
4
6
2.0
0
-0.08962424099445343
0.1899150013923645
-0.2144834995269775
0
0.0
0
0.0
4
6
4
3
-1.0
4
7
4
1
3.0
0
0
0
0
0.0
0
-0.005149525124579668
0.3676440119743347
-0.3162133991718292
0
0.0
0
0.0
3
11
6
8
-1.0
3
13
6
4
2.0
0
0
0
0
0.0
0
0.05688735842704773
-0.2712019085884094
0.3459039926528931
0
0.0
0
0.0
6
12
2
6
-1.0
6
12
2
3
2.0
0
0
0
0
0.0
1
-0.1267381012439728
0.8464730978012085
-0.06763072311878204
0
0.0
0
0.0
4
3
8
16
-1.0
8
3
4
8
2.0
4
11
4
8
2.0
0
-0.1068112030625343
-0.2898262143135071
0.08318182826042175
0
0.0
0
0.0
0
2
8
16
-1.0
0
2
4
8
2.0
4
10
4
8
2.0
0
0.174757793545723
-0.3594839870929718
0.3107312917709351
0
0.0
0
0.0
9
0
3
2
-1.0
9
1
3
1
2.0
0
0
0
0
0.0
0
-0.002462909091264009
-0.6782407164573669
0.119083397090435
0
0.0
0
0.0
0
0
3
2
-1.0
0
1
3
1
2.0
0
0
0
0
0.0
0
0.006605335976928473
-0.2456073015928268
0.3779137134552002
0
0.0
0
0.0
9
6
1
2
-1.0
9
6
1
1
2.0
0
0
0
0
0.0
1
0.0001014837980619632
-0.1009716987609863
0.08271109312772751
0
0.0
0
0.0
0
1
12
2
-1.0
4
1
4
2
3.0
0
0
0
0
0.0
0
-0.01852378994226456
-0.4459226131439209
0.16946080327034
0
0.0
0
0.0
9
4
3
5
-1.0
10
4
1
5
3.0
0
0
0
0
0.0
0
0.003660201095044613
-0.1047767028212547
0.09499277919530869
0
0.0
0
0.0
0
3
4
6
-1.0
1
3
2
6
2.0
0
0
0
0
0.0
0
-0.01025782991200686
0.4335165917873383
-0.1697887927293777
0
0.0
0
0.0
11
17
1
2
-1.0
11
18
1
1
2.0
0
0
0
0
0.0
0
-9.868577762972564e-5
0.1784376055002213
-0.2642827928066254
0
0.0
0
0.0
0
17
1
2
-1.0
0
18
1
1
2.0
0
0
0
0
0.0
0
-0.001244629034772515
-0.7225353121757507
0.1061569005250931
0
0.0
0
0.0
11
17
1
3
-1.0
11
18
1
1
3.0
0
0
0
0
0.0
0
0.0001197468009195291
-0.3031862080097198
0.1462316066026688
0
0.0
0
0.0
0
17
1
3
-1.0
0
18
1
1
3.0
0
0
0
0
0.0
0
0.00120797601994127
0.1353165954351425
-0.5045769214630127
0
0.0
0
0.0
0
4
12
12
-1.0
0
8
12
4
3.0
0
0
0
0
0.0
0
-0.1942591071128845
-0.7173370122909546
0.08057357370853424
0
0.0
0
0.0
1
5
3
6
-1.0
2
5
1
6
3.0
0
0
0
0
0.0
0
0.01859932020306587
-0.1697248965501785
0.4266999959945679
0
0.0
0
0.0
6
4
4
3
-1.0
5
5
4
1
3.0
0
0
0
0
0.0
1
0.0307048000395298
0.03283810988068581
-0.7292395234107971
0
0.0
0
0.0
6
4
3
4
-1.0
7
5
1
4
3.0
0
0
0
0
0.0
1
0.02168094925582409
-0.1675089001655579
0.4478904902935028
0
0.0
0
0.0
10
4
2
3
-1.0
10
5
2
1
3.0
0
0
0
0
0.0
0
0.005560466088354588
0.09639140963554382
-0.6683024764060974
0
0.0
0
0.0
0
4
2
3
-1.0
0
5
2
1
3.0
0
0
0
0
0.0
0
-0.005678407847881317
-0.8206487894058228
0.06294901669025421
0
0.0
0
0.0
9
10
3
3
-1.0
8
11
3
1
3.0
0
0
0
0
0.0
1
-0.03021973930299282
0.3328810930252075
-0.08144403994083405
0
0.0
0
0.0
6
10
6
3
-1.0
6
10
3
3
2.0
0
0
0
0
0.0
1
0.02434192970395088
0.09322024136781693
-0.6950275897979736
0
0.0
0
0.0
-1.359033942222595
3
2
4
2
-1.0
3
2
2
1
2.0
5
3
2
1
2.0
0
-0.003916940186172724
0.453259289264679
-0.3028458952903748
0
0.0
0
0.0
6
8
6
6
-1.0
8
10
2
6
3.0
0
0
0
0
0.0
1
0.1080090031027794
0.03673858940601349
-0.7278221845626831
0
0.0
0
0.0
6
8
6
6
-1.0
4
10
6
2
3.0
0
0
0
0
0.0
1
0.1535609066486359
-0.3890019059181213
0.3128732144832611
0
0.0
0
0.0
6
4
1
6
-1.0
4
6
1
2
3.0
0
0
0
0
0.0
1
0.008772680535912514
-0.1570528000593185
0.08266694098711014
0
0.0
0
0.0
6
4
6
1
-1.0
8
6
2
1
3.0
0
0
0
0
0.0
1
-0.01057172007858753
0.2497110068798065
-0.4701411128044128
0
0.0
0
0.0
6
5
3
3
-1.0
5
6
3
1
3.0
0
0
0
0
0.0
1
0.02724055014550686
0.06009763851761818
-0.6621366739273071
0
0.0
0
0.0
6
5
3
3
-1.0
7
6
1
3
3.0
0
0
0
0
0.0
1
-0.03663345053792
0.5104429721832275
-0.1776614934206009
0
0.0
0
0.0
2
16
10
4
-1.0
2
16
5
4
2.0
0
0
0
0
0.0
0
0.1380628943443298
-0.04064419120550156
0.7884945273399353
0
0.0
0
0.0
0
0
12
10
-1.0
0
5
12
5
2.0
0
0
0
0
0.0
0
0.09472039341926575
-0.4365417063236237
0.1905464977025986
0
0.0
0
0.0
10
0
2
2
-1.0
10
0
1
2
2.0
0
0
0
0
0.0
0
-0.003338715061545372
-0.684576690196991
0.09680254012346268
0
0.0
0
0.0
0
0
2
2
-1.0
1
0
1
2
2.0
0
0
0
0
0.0
0
0.0001189948015962727
-0.3584366142749786
0.2227988988161087
0
0.0
0
0.0
7
15
2
2
-1.0
7
15
2
1
2.0
0
0
0
0
0.0
1
0.002900714986026287
-0.1584503948688507
0.06667985767126083
0
0.0
0
0.0
0
8
2
6
-1.0
0
8
1
3
2.0
1
11
1
3
2.0
0
0.01237663999199867
-0.1420627981424332
0.4932092130184174
0
0.0
0
0.0
10
11
2
4
-1.0
9
12
2
2
2.0
0
0
0
0
0.0
1
0.006021598819643259
-0.1497160941362381
0.2179771959781647
0
0.0
0
0.0
0
16
10
4
-1.0
5
16
5
4
2.0
0
0
0
0
0.0
0
-0.1688794046640396
0.7183340787887573
-0.1109156981110573
0
0.0
0
0.0
1
18
10
2
-1.0
1
19
10
1
2.0
0
0
0
0
0.0
0
-0.007403327152132988
0.2257355004549026
-0.329930305480957
0
0.0
0
0.0
0
9
2
4
-1.0
0
9
1
2
2.0
1
11
1
2
2.0
0
-0.006502935197204351
0.4701899886131287
-0.1520137041807175
0
0.0
0
0.0
9
12
3
3
-1.0
8
13
3
1
3.0
0
0
0
0
0.0
1
0.00177067902404815
-0.1464499980211258
0.09474501758813858
0
0.0
0
0.0
3
12
3
3
-1.0
4
13
1
3
3.0
0
0
0
0
0.0
1
0.01708545908331871
0.08535736799240112
-0.8259981870651245
0
0.0
0
0.0
6
4
4
3
-1.0
5
5
4
1
3.0
0
0
0
0
0.0
1
-0.05303271859884262
-0.6586198210716248
-0.001372723025269806
0
0.0
0
0.0
6
4
3
4
-1.0
7
5
1
4
3.0
0
0
0
0
0.0
1
0.02772508934140205
-0.1493542045354843
0.4400951862335205
0
0.0
0
0.0
9
12
3
3
-1.0
8
13
3
1
3.0
0
0
0
0
0.0
1
0.05868548899888992
0.007867998443543911
-0.441091388463974
0
0.0
0
0.0
3
12
3
3
-1.0
4
13
1
3
3.0
0
0
0
0
0.0
1
-0.01046582031995058
-0.5838522911071777
0.1056715026497841
0
0.0
0
0.0
6
4
3
4
-1.0
5
5
3
2
2.0
0
0
0
0
0.0
1
-0.04406363889575005
-0.5924690961837769
0.005715105216950178
0
0.0
0
0.0
6
4
4
3
-1.0
7
5
2
3
2.0
0
0
0
0
0.0
1
-0.01193218026310205
0.2381816953420639
-0.2829329967498779
0
0.0
0
0.0
9
18
2
2
-1.0
9
19
2
1
2.0
0
0
0
0
0.0
0
-0.001264491002075374
0.1012474969029427
-0.3393999934196472
0
0.0
0
0.0
1
18
2
2
-1.0
1
19
2
1
2.0
0
0
0
0
0.0
0
-0.001840461045503616
-0.6749290227890015
0.09552446752786636
0
0.0
0
0.0
10
6
2
3
-1.0
10
7
2
1
3.0
0
0
0
0
0.0
0
-0.007928965613245964
-0.6777042746543884
0.03422173112630844
0
0.0
0
0.0
0
1
2
4
-1.0
0
1
1
2
2.0
1
3
1
2
2.0
0
0.005700455978512764
-0.1319873929023743
0.427103191614151
0
0.0
0
0.0
6
0
2
3
-1.0
6
0
1
3
2.0
0
0
0
0
0.0
0
0.01823768019676208
0.03069229982793331
-0.8684729933738708
0
0.0
0
0.0
2
13
2
2
-1.0
2
13
1
1
2.0
3
14
1
1
2.0
0
0.003208667039871216
-0.13335919380188
0.4388313889503479
0
0.0
0
0.0
10
6
2
3
-1.0
10
7
2
1
3.0
0
0
0
0
0.0
0
0.01244658045470715
0.0293713603168726
-0.78926819562912
0
0.0
0
0.0
-1.437355041503906
2
1
4
3
-1.0
2
2
4
1
3.0
0
0
0
0
0.0
0
-0.012674730271101
0.5048441886901855
-0.2566995024681091
0
0.0
0
0.0
7
4
3
3
-1.0
6
5
3
1
3.0
0
0
0
0
0.0
1
0.01180812995880842
0.06300169974565506
-0.4064149856567383
0
0.0
0
0.0
5
4
2
2
-1.0
5
5
2
1
2.0
0
0
0
0
0.0
0
0.002512722043320537
-0.3225327134132385
0.3661493957042694
0
0.0
0
0.0
10
10
2
6
-1.0
10
10
1
6
2.0
0
0
0
0
0.0
0
-0.003546922001987696
0.1957992017269135
-0.154168501496315
0
0.0
0
0.0
0
12
4
4
-1.0
2
12
2
4
2.0
0
0
0
0
0.0
0
0.03914868086576462
-0.2579186856746674
0.3385235071182251
0
0.0
0
0.0
6
3
3
6
-1.0
4
5
3
2
3.0
0
0
0
0
0.0
1
0.1315173953771591
0.02747250907123089
-0.558910071849823
0
0.0
0
0.0
6
3
6
3
-1.0
8
5
2
3
3.0
0
0
0
0
0.0
1
-0.01668946072459221
0.1465874016284943
-0.5272799134254456
0
0.0
0
0.0
9
12
2
3
-1.0
8
13
2
1
3.0
0
0
0
0
0.0
1
0.006435154005885124
-0.1201684027910233
0.1837971061468124
0
0.0
0
0.0
6
12
1
6
-1.0
6
12
1
3
2.0
0
0
0
0
0.0
1
-0.06384617835283279
0.7539033889770508
-0.1060362979769707
0
0.0
0
0.0
5
16
3
2
-1.0
5
17
3
1
2.0
0
0
0
0
0.0
0
-0.004694309085607529
0.2073034048080444
-0.1640816926956177
0
0.0
0
0.0
3
12
3
2
-1.0
4
13
1
2
3.0
0
0
0
0
0.0
1
0.01126352045685053
0.1028506010770798
-0.7272434830665588
0
0.0
0
0.0
11
0
1
2
-1.0
11
0
1
1
2.0
0
0
0
0
0.0
1
0.001044041942805052
0.1319722980260849
-0.6447603106498718
0
0.0
0
0.0
0
0
4
11
-1.0
2
0
2
11
2.0
0
0
0
0
0.0
0
0.0290537104010582
-0.3209944069385529
0.1949924975633621
0
0.0
0
0.0
10
11
2
3
-1.0
9
12
2
1
3.0
0
0
0
0
0.0
1
0.01298564020544291
-0.06249881163239479
0.2655169069766998
0
0.0
0
0.0
2
11
3
2
-1.0
3
12
1
2
3.0
0
0
0
0
0.0
1
0.01493833027780056
0.0801500529050827
-0.7667614817619324
0
0.0
0
0.0
9
11
3
5
-1.0
10
12
1
5
3.0
0
0
0
0
0.0
1
-0.03418035060167313
-0.5132033824920654
-0.00360744190402329
0
0.0
0
0.0
3
11
5
3
-1.0
2
12
5
1
3.0
0
0
0
0
0.0
1
0.04376111179590225
-0.1438446044921875
0.4261651039123535
0
0.0
0
0.0
8
12
4
2
-1.0
8
13
4
1
2.0
0
0
0
0
0.0
0
-0.001187677029520273
0.148375004529953
-0.05019748955965042
0
0.0
0
0.0
0
12
4
2
-1.0
0
13
4
1
2.0
0
0
0
0
0.0
0
-0.01319671981036663
-0.7623240947723389
0.07968348264694214
0
0.0
0
0.0
8
13
2
2
-1.0
9
13
1
1
2.0
8
14
1
1
2.0
0
-0.001494057010859251
0.2258547991514206
-0.1088432967662811
0
0.0
0
0.0
0
7
5
3
-1.0
0
8
5
1
3.0
0
0
0
0
0.0
0
0.009980030357837677
0.07704717665910721
-0.8160871863365173
0
0.0
0
0.0
8
13
2
2
-1.0
9
13
1
1
2.0
8
14
1
1
2.0
0
0.001363081042654812
-0.10334450006485
0.2099433988332748
0
0.0
0
0.0
2
13
2
2
-1.0
2
13
1
1
2.0
3
14
1
1
2.0
0
-0.002649769885465503
0.4866670072078705
-0.1218359023332596
0
0.0
0
0.0
7
8
5
4
-1.0
7
9
5
2
2.0
0
0
0
0
0.0
0
0.02901705913245678
0.03033117018640041
-0.5441727042198181
0
0.0
0
0.0
0
5
2
8
-1.0
0
5
1
4
2.0
1
9
1
4
2.0
0
0.01729162968695164
-0.1357809007167816
0.4425131976604462
0
0.0
0
0.0
8
8
3
4
-1.0
8
9
3
2
2.0
0
0
0
0
0.0
0
0.001914408057928085
-0.08204160630702972
0.1120330989360809
0
0.0
0
0.0
1
8
3
4
-1.0
1
9
3
2
2.0
0
0
0
0
0.0
0
0.009213808923959732
0.09567467868328094
-0.7138783931732178
0
0.0
0
0.0
0
0
12
16
-1.0
0
8
12
8
2.0
0
0
0
0
0.0
0
0.194017693400383
-0.3352743983268738
0.1647098958492279
0
0.0
0
0.0
0
0
4
2
-1.0
0
0
2
1
2.0
2
1
2
1
2.0
0
-0.00890921987593174
0.4595856070518494
-0.1318064033985138
0
0.0
0
0.0
7
0
3
3
-1.0
8
0
1
3
3.0
0
0
0
0
0.0
0
-0.01615850999951363
-0.884253978729248
0.03637044876813889
0
0.0
0
0.0
3
12
5
3
-1.0
2
13
5
1
3.0
0
0
0
0
0.0
1
-0.04331512004137039
0.3569375872612
-0.1485311985015869
0
0.0
0
0.0
0
8
12
4
-1.0
3
8
6
4
2.0
0
0
0
0
0.0
0
-0.06075993925333023
0.317687600851059
-0.1805600970983505
0
0.0
0
0.0
2
12
2
2
-1.0
2
12
1
1
2.0
3
13
1
1
2.0
0
-0.002864500973373652
0.5305960774421692
-0.1126191988587379
0
0.0
0
0.0
10
15
2
3
-1.0
10
16
2
1
3.0
0
0
0
0
0.0
0
0.01136096008121967
0.03509987145662308
-0.4781501889228821
0
0.0
0
0.0
-1.389809012413025
0
0
8
1
-1.0
2
0
4
1
2.0
0
0
0
0
0.0
0
0.01397045981138945
-0.3053030073642731
0.4112530052661896
0
0.0
0
0.0
3
6
8
12
-1.0
7
6
4
6
2.0
3
12
4
6
2.0
0
-0.116790696978569
0.1481299996376038
-0.07070980966091156
0
0.0
0
0.0
5
4
3
3
-1.0
6
5
1
3
3.0
0
0
0
0
0.0
1
0.01639769040048122
-0.3054316937923431
0.3016278147697449
0
0.0
0
0.0
4
6
8
12
-1.0
8
6
4
6
2.0
4
12
4
6
2.0
0
-0.02028610929846764
-0.2361817955970764
0.12187310308218
0
0.0
0
0.0
0
5
10
14
-1.0
0
5
5
7
2.0
5
12
5
7
2.0
0
0.3396218121051788
-0.2341528981924057
0.3795532882213593
0
0.0
0
0.0
1
2
10
4
-1.0
1
4
10
2
2.0
0
0
0
0
0.0
0
0.008063288405537605
-0.5652198791503906
0.1271972060203552
0
0.0
0
0.0
0
15
1
2
-1.0
0
16
1
1
2.0
0
0
0
0
0.0
0
-0.001423413981683552
-0.589985728263855
0.1166850030422211
0
0.0
0
0.0
6
0
4
3
-1.0
6
1
4
1
3.0
0
0
0
0
0.0
0
0.003998368047177792
-0.09939826279878616
0.1279560029506683
0
0.0
0
0.0
5
14
2
2
-1.0
5
14
1
2
2.0
0
0
0
0
0.0
1
-0.00945495069026947
-0.5615642070770264
0.0993819534778595
0
0.0
0
0.0
0
9
12
1
-1.0
0
9
6
1
2.0
0
0
0
0
0.0
0
0.03727070987224579
0.08469119668006897
-0.6530271768569946
0
0.0
0
0.0
0
5
3
3
-1.0
0
6
3
1
3.0
0
0
0
0
0.0
0
0.008180607110261917
0.0640472024679184
-0.7323548793792725
0
0.0
0
0.0
8
12
4
3
-1.0
7
13
4
1
3.0
0
0
0
0
0.0
1
0.06741829216480255
0.004302847199141979
-0.6257467865943909
0
0.0
0
0.0
4
12
3
4
-1.0
5
13
1
4
3.0
0
0
0
0
0.0
1
0.01898559927940369
0.07042285799980164
-0.7756689190864563
0
0.0
0
0.0
7
0
2
3
-1.0
7
1
2
1
3.0
0
0
0
0
0.0
0
-0.0003068530058953911
0.06079988181591034
-0.07353497296571732
0
0.0
0
0.0
3
0
2
3
-1.0
3
1
2
1
3.0
0
0
0
0
0.0
0
0.01078600995242596
-0.125059500336647
0.4820824861526489
0
0.0
0
0.0
10
0
2
2
-1.0
10
0
1
2
2.0
0
0
0
0
0.0
1
0.006967438850551844
0.08326472342014313
-0.6935604810714722
0
0.0
0
0.0
2
0
2
2
-1.0
2
0
2
1
2.0
0
0
0
0
0.0
1
0.01276727020740509
0.06478801369667053
-0.7096889019012451
0
0.0
0
0.0
10
0
2
1
-1.0
10
0
1
1
2.0
0
0
0
0
0.0
1
-0.01413169968873262
-0.7562264204025269
0.02061856910586357
0
0.0
0
0.0
0
18
12
2
-1.0
0
18
6
1
2.0
6
19
6
1
2.0
0
-0.01591867953538895
0.1960351020097733
-0.270348995923996
0
0.0
0
0.0
2
7
8
10
-1.0
2
12
8
5
2.0
0
0
0
0
0.0
0
0.009945521131157875
-0.437805712223053
0.1185932978987694
0
0.0
0
0.0
0
9
2
10
-1.0
1
9
1
10
2.0
0
0
0
0
0.0
0
0.0152864595875144
-0.1951391994953156
0.2691513895988464
0
0.0
0
0.0
9
9
3
2
-1.0
10
9
1
2
3.0
0
0
0
0
0.0
0
0.005902510136365891
-0.1628812998533249
0.3674370944499969
0
0.0
0
0.0
0
9
3
2
-1.0
1
9
1
2
3.0
0
0
0
0
0.0
0
-0.006972948089241982
0.4620277881622314
-0.1537656038999557
0
0.0
0
0.0
8
6
4
3
-1.0
8
7
4
1
3.0
0
0
0
0
0.0
0
-0.0194493904709816
-0.536325991153717
0.0315764881670475
0
0.0
0
0.0
0
5
2
3
-1.0
0
6
2
1
3.0
0
0
0
0
0.0
0
-0.004725952167063951
-0.7351797223091125
0.07367880642414093
0
0.0
0
0.0
8
8
3
3
-1.0
9
8
1
3
3.0
0
0
0
0
0.0
0
-0.008551719598472118
0.3598636984825134
-0.1242076009511948
0
0.0
0
0.0
0
8
4
12
-1.0
2
8
2
12
2.0
0
0
0
0
0.0
0
-0.09896451234817505
0.6250780820846558
-0.0866478830575943
0
0.0
0
0.0
6
7
1
3
-1.0
5
8
1
1
3.0
0
0
0
0
0.0
1
-0.01773126050829887
-0.579258918762207
0.02519864961504936
0
0.0
0
0.0
6
4
3
3
-1.0
7
5
1
3
3.0
0
0
0
0
0.0
1
-0.0291904304176569
0.5729882121086121
-0.1015100032091141
0
0.0
0
0.0
10
0
2
1
-1.0
10
0
1
1
2.0
0
0
0
0
0.0
1
0.005462110973894596
0.04451547935605049
-0.669225811958313
0
0.0
0
0.0
2
0
1
2
-1.0
2
0
1
1
2.0
0
0
0
0
0.0
1
-0.006869501899927855
-0.5838499069213867
0.08723984658718109
0
0.0
0
0.0
9
10
3
1
-1.0
10
10
1
1
3.0
0
0
0
0
0.0
0
-0.001704907044768333
0.2269458025693893
-0.08162052184343338
0
0.0
0
0.0
0
10
3
1
-1.0
1
10
1
1
3.0
0
0
0
0
0.0
0
0.005895765963941813
-0.1177875995635986
0.4272497892379761
0
0.0
0
0.0
10
12
2
3
-1.0
9
13
2
1
3.0
0
0
0
0
0.0
1
0.0085842777043581
-0.0546291396021843
0.1081397980451584
0
0.0
0
0.0
2
12
3
2
-1.0
3
13
1
2
3.0
0
0
0
0
0.0
1
0.01293426007032394
0.07084935903549194
-0.7385768294334412
0
0.0
0
0.0
9
10
3
3
-1.0
9
11
3
1
3.0
0
0
0
0
0.0
0
0.0199732705950737
0.001662655966356397
-0.7663149237632751
0
0.0
0
0.0
0
10
3
3
-1.0
0
11
3
1
3.0
0
0
0
0
0.0
0
0.005501118954271078
0.08946871757507324
-0.5398527979850769
0
0.0
0
0.0
-1.35440194606781
0
0
3
2
-1.0
0
1
3
1
2.0
0
0
0
0
0.0
0
0.007950123399496078
-0.2795245945453644
0.4350663125514984
0
0.0
0
0.0
3
0
6
2
-1.0
6
0
3
1
2.0
3
1
3
1
2.0
0
-0.0150859197601676
0.5920900106430054
-0.1648136973381042
0
0.0
0
0.0
1
7
8
12
-1.0
1
7
4
6
2.0
5
13
4
6
2.0
0
0.1947510987520218
-0.3188953995704651
0.2819670140743256
0
0.0
0
0.0
7
6
4
1
-1.0
7
6
2
1
2.0
0
0
0
0
0.0
0
-0.0002468992897775024
0.09676369279623032
-0.1840648949146271
0
0.0
0
0.0
1
0
10
2
-1.0
6
0
5
2
2.0
0
0
0
0
0.0
0
0.005249905865639448
0.1570488065481186
-0.5271095037460327
0
0.0
0
0.0
10
2
1
4
-1.0
10
2
1
2
2.0
0
0
0
0
0.0
1
-0.000127325693028979
0.05321811884641647
-0.1615286022424698
0
0.0
0
0.0
2
2
4
1
-1.0
2
2
2
1
2.0
0
0
0
0
0.0
1
-0.006598454900085926
0.2184486985206604
-0.3752976953983307
0
0.0
0
0.0
4
15
8
4
-1.0
4
15
4
4
2.0
0
0
0
0
0.0
0
-0.01283655967563391
0.06100822985172272
-0.1186202019453049
0
0.0
0
0.0
0
14
8
5
-1.0
4
14
4
5
2.0
0
0
0
0
0.0
0
-0.147078201174736
0.7906535863876343
-0.09444742649793625
0
0.0
0
0.0
8
12
4
5
-1.0
8
12
2
5
2.0
0
0
0
0
0.0
0
0.04853307083249092
0.04943117126822472
-0.5980790257453918
0
0.0
0
0.0
0
10
4
7
-1.0
2
10
2
7
2.0
0
0
0
0
0.0
0
0.04139884933829308
-0.3111864924430847
0.2485000044107437
0
0.0
0
0.0
5
0
3
3
-1.0
5
1
3
1
3.0
0
0
0
0
0.0
0
0.005932283122092485
-0.1910512000322342
0.2618908882141113
0
0.0
0
0.0
6
8
3
1
-1.0
7
9
1
1
3.0
0
0
0
0
0.0
1
0.0061201062053442
-0.1440030038356781
0.3859202861785889
0
0.0
0
0.0
9
6
3
3
-1.0
9
7
3
1
3.0
0
0
0
0
0.0
0
-0.01211812999099493
-0.5784050226211548
0.03132890909910202
0
0.0
0
0.0
0
6
3
3
-1.0
0
7
3
1
3.0
0
0
0
0
0.0
0
0.007532104849815369
0.07620078325271606
-0.7126322984695435
0
0.0
0
0.0
8
13
4
2
-1.0
8
14
4
1
2.0
0
0
0
0
0.0
0
0.009463367983698845
-0.08157367259263992
0.1598138064146042
0
0.0
0
0.0
0
6
2
3
-1.0
0
7
2
1
3.0
0
0
0
0
0.0
0
-0.006443534977734089
-0.8953341245651245
0.06090833991765976
0
0.0
0
0.0
8
8
3
3
-1.0
9
8
1
3
3.0
0
0
0
0
0.0
0
-0.01335331983864307
0.5073572993278503
-0.1422082036733627
0
0.0
0
0.0
0
12
5
4
-1.0
0
14
5
2
2.0
0
0
0
0
0.0
0
-0.0482066310942173
-0.7077615857124329
0.08701792359352112
0
0.0
0
0.0
6
16
4
2
-1.0
8
16
2
1
2.0
6
17
2
1
2.0
0
-8.686218643561006e-5
0.09249108284711838
-0.1906418055295944
0
0.0
0
0.0
1
12
2
2
-1.0
1
12
1
1
2.0
2
13
1
1
2.0
0
0.003589011961594224
-0.1136924028396606
0.4571765959262848
0
0.0
0
0.0
8
12
2
2
-1.0
9
12
1
1
2.0
8
13
1
1
2.0
0
0.002510365098714828
-0.096626877784729
0.2831534147262573
0
0.0
0
0.0
0
16
1
2
-1.0
0
17
1
1
2.0
0
0
0
0
0.0
0
-0.00164382194634527
-0.6851298809051514
0.08485568314790726
0
0.0
0
0.0
8
12
2
2
-1.0
9
12
1
1
2.0
8
13
1
1
2.0
0
-0.001114764017984271
0.2034076005220413
-0.09516218304634094
0
0.0
0
0.0
2
12
2
2
-1.0
2
12
1
1
2.0
3
13
1
1
2.0
0
0.003312922082841396
-0.1234887018799782
0.4510957896709442
0
0.0
0
0.0
8
13
2
3
-1.0
7
14
2
1
3.0
0
0
0
0
0.0
1
0.0124730197712779
0.08564762771129608
-0.177522599697113
0
0.0
0
0.0
4
13
3
2
-1.0
5
14
1
2
3.0
0
0
0
0
0.0
1
0.01188750006258488
0.079497292637825
-0.7133355736732483
0
0.0
0
0.0
9
10
2
4
-1.0
10
10
1
2
2.0
9
12
1
2
2.0
0
0.004664080217480659
-0.1189085021615028
0.1637576073408127
0
0.0
0
0.0
1
10
2
4
-1.0
1
10
1
2
2.0
2
12
1
2
2.0
0
-0.0075049358420074
0.4554409980773926
-0.1241281032562256
0
0.0
0
0.0
7
16
2
2
-1.0
7
16
2
1
2.0
0
0
0
0
0.0
1
0.01778065972030163
-0.107575997710228
0.162400096654892
0
0.0
0
0.0
1
8
3
3
-1.0
2
8
1
3
3.0
0
0
0
0
0.0
0
-0.006533775012940168
0.4314107000827789
-0.1260354071855545
0
0.0
0
0.0
8
10
3
3
-1.0
8
11
3
1
3.0
0
0
0
0
0.0
0
-0.02444623038172722
-0.664797306060791
0.01972275041043758
0
0.0
0
0.0
4
0
3
3
-1.0
5
0
1
3
3.0
0
0
0
0
0.0
0
0.00682841194793582
0.08792670071125031
-0.5476598143577576
0
0.0
0
0.0
5
8
4
6
-1.0
5
11
4
3
2.0
0
0
0
0
0.0
0
-0.01752785034477711
-0.4735026955604553
0.01845254935324192
0
0.0
0
0.0
6
5
6
1
-1.0
6
5
3
1
2.0
0
0
0
0
0.0
1
-0.005604470148682594
0.1670086979866028
-0.2855806052684784
0
0.0
0
0.0
7
15
2
2
-1.0
7
15
2
1
2.0
0
0
0
0
0.0
1
0.0565870888531208
0.0009879262652248144
-0.9076120257377625
0
0.0
0
0.0
5
15
2
2
-1.0
5
15
1
2
2.0
0
0
0
0
0.0
1
-0.009167895652353764
-0.5736947059631348
0.08697132766246796
0
0.0
0
0.0
9
3
3
3
-1.0
9
4
3
1
3.0
0
0
0
0
0.0
0
-0.007932443171739578
-0.7161931991577148
0.04753170162439346
0
0.0
0
0.0
-1.308526992797852
4
4
3
4
-1.0
4
5
3
2
2.0
0
0
0
0
0.0
0
0.01125986035913229
-0.3267154097557068
0.3744862079620361
0
0.0
0
0.0
11
0
1
2
-1.0
11
0
1
1
2.0
0
0
0
0
0.0
1
-8.04115625214763e-5
0.1345651000738144
-0.3559708893299103
0
0.0
0
0.0
1
0
2
1
-1.0
1
0
1
1
2.0
0
0
0
0
0.0
1
-0.01009736023843288
0.4251540005207062
-0.2035626024007797
0
0.0
0
0.0
4
6
8
12
-1.0
8
6
4
6
2.0
4
12
4
6
2.0
0
-0.095205657184124
-0.2621484100818634
0.04449782148003578
0
0.0
0
0.0
1
6
8
12
-1.0
1
6
4
6
2.0
5
12
4
6
2.0
0
0.2197623997926712
-0.2637690007686615
0.2796345055103302
0
0.0
0
0.0
10
0
2
3
-1.0
9
1
2
1
3.0
0
0
0
0
0.0
1
-0.001437342958524823
0.1938430964946747
-0.06637773662805557
0
0.0
0
0.0
2
0
3
2
-1.0
3
1
1
2
3.0
0
0
0
0
0.0
1
-0.02160046063363552
0.5273528099060059
-0.1112513989210129
0
0.0
0
0.0
8
10
4
3
-1.0
7
11
4
1
3.0
0
0
0
0
0.0
1
0.008845476433634758
-0.1641460061073303
0.1783517003059387
0
0.0
0
0.0
0
0
12
14
-1.0
0
7
12
7
2.0
0
0
0
0
0.0
0
0.03562755137681961
-0.5022655725479126
0.1203698962926865
0
0.0
0
0.0
0
18
12
2
-1.0
6
18
6
1
2.0
0
19
6
1
2.0
0
0.01994859986007214
-0.2444386035203934
0.205034002661705
0
0.0
0
0.0
0
17
2
3
-1.0
0
18
2
1
3.0
0
0
0
0
0.0
0
-0.003067414974793792
-0.5347728729248047
0.1154358014464378
0
0.0
0
0.0
10
8
2
6
-1.0
11
8
1
3
2.0
10
11
1
3
2.0
0
-0.001201226958073676
0.1267630010843277
-0.1393872052431107
0
0.0
0
0.0
0
8
2
6
-1.0
0
8
1
3
2.0
1
11
1
3
2.0
0
0.01714335940778255
-0.104889303445816
0.4845887124538422
0
0.0
0
0.0
10
17
2
3
-1.0
10
18
2
1
3.0
0
0
0
0
0.0
0
0.0007703733863309026
-0.2641600966453552
0.1375302970409393
0
0.0
0
0.0
0
17
2
3
-1.0
0
18
2
1
3.0
0
0
0
0
0.0
0
0.00199281401000917
0.1082021966576576
-0.460275411605835
0
0.0
0
0.0
9
8
3
3
-1.0
10
8
1
3
3.0
0
0
0
0
0.0
0
0.008185841143131256
-0.1187003999948502
0.1842951029539108
0
0.0
0
0.0
0
6
3
14
-1.0
0
13
3
7
2.0
0
0
0
0
0.0
0
0.2001685053110123
-0.07743321359157562
0.674454927444458
0
0.0
0
0.0
9
8
3
3
-1.0
10
8
1
3
3.0
0
0
0
0
0.0
0
-0.01213405001908541
0.4536176025867462
-0.03223048150539398
0
0.0
0
0.0
0
8
3
3
-1.0
1
8
1
3
3.0
0
0
0
0
0.0
0
0.01180955022573471
-0.1514022052288055
0.4109157919883728
0
0.0
0
0.0
9
9
3
3
-1.0
8
10
3
1
3.0
0
0
0
0
0.0
1
-0.05390331149101257
0.2464424967765808
-0.01633680984377861
0
0.0
0
0.0
3
9
3
3
-1.0
4
10
1
3
3.0
0
0
0
0
0.0
1
0.02536910027265549
0.05760661885142326
-0.81810200214386
0
0.0
0
0.0
8
7
4
1
-1.0
8
7
2
1
2.0
0
0
0
0
0.0
0
0.004047707188874483
0.03427970036864281
-0.3891268968582153
0
0.0
0
0.0
0
7
4
1
-1.0
2
7
2
1
2.0
0
0
0
0
0.0
0
0.00232737697660923
-0.263181209564209
0.2011101990938187
0
0.0
0
0.0
0
0
12
7
-1.0
0
0
6
7
2.0
0
0
0
0
0.0
0
-0.0140555202960968
-0.4579864144325256
0.1032200008630753
0
0.0
0
0.0
3
12
4
3
-1.0
2
13
4
1
3.0
0
0
0
0
0.0
1
0.04104053974151611
-0.1066533997654915
0.4992162883281708
0
0.0
0
0.0
8
10
3
3
-1.0
8
11
3
1
3.0
0
0
0
0
0.0
0
0.001740335021167994
-0.03096368908882141
0.09050724655389786
0
0.0
0
0.0
1
10
3
3
-1.0
1
11
3
1
3.0
0
0
0
0
0.0
0
-0.005911166779696941
-0.6930134296417236
0.07132434099912643
0
0.0
0
0.0
6
13
1
6
-1.0
4
15
1
2
3.0
0
0
0
0
0.0
1
-0.08408687263727188
0.4697259068489075
-0.04985944926738739
0
0.0
0
0.0
6
13
6
1
-1.0
8
15
2
1
3.0
0
0
0
0
0.0
1
0.001273322035558522
-0.357048511505127
0.1380677968263626
0
0.0
0
0.0
5
0
2
3
-1.0
5
1
2
1
3.0
0
0
0
0
0.0
0
0.005948682781308889
-0.1581690013408661
0.2846840023994446
0
0.0
0
0.0
1
8
3
4
-1.0
1
9
3
2
2.0
0
0
0
0
0.0
0
-0.008681507781147957
-0.7658771872520447
0.06239062920212746
0
0.0
0
0.0
9
0
3
2
-1.0
10
1
1
2
3.0
0
0
0
0
0.0
1
-0.0106742000207305
-0.5514451265335083
0.05619632080197334
0
0.0
0
0.0
3
0
2
3
-1.0
2
1
2
1
3.0
0
0
0
0
0.0
1
0.01795149967074394
0.06136230006814003
-0.648419976234436
0
0.0
0
0.0
10
17
2
1
-1.0
10
17
1
1
2.0
0
0
0
0
0.0
0
0.0001966068957699463
-0.1456397026777267
0.09517390280962
0
0.0
0
0.0
0
17
2
1
-1.0
1
17
1
1
2.0
0
0
0
0
0.0
0
-0.001347500015981495
-0.3984631896018982
0.1071723029017448
0
0.0
0
0.0
8
13
2
2
-1.0
9
13
1
1
2.0
8
14
1
1
2.0
0
0.001327128964476287
-0.07630524784326553
0.1596478968858719
0
0.0
0
0.0
2
13
2
2
-1.0
2
13
1
1
2.0
3
14
1
1
2.0
0
0.003985789138823748
-0.1091895997524261
0.3695656955242157
0
0.0
0
0.0
9
10
3
2
-1.0
10
10
1
2
3.0
0
0
0
0
0.0
0
0.001774771022610366
-0.0585503987967968
0.07118179649114609
0
0.0
0
0.0
0
10
3
2
-1.0
1
10
1
2
3.0
0
0
0
0
0.0
0
-0.006962717976421118
0.3697783946990967
-0.1167796030640602
0
0.0
0
0.0
9
7
3
3
-1.0
9
8
3
1
3.0
0
0
0
0
0.0
0
-0.009053012356162071
-0.5313113927841187
0.04277336969971657
0
0.0
0
0.0
6
4
3
4
-1.0
7
5
1
4
3.0
0
0
0
0
0.0
1
-0.05067380145192146
0.651220977306366
-0.06622246652841568
0
0.0
0
0.0
8
4
3
7
-1.0
9
4
1
7
3.0
0
0
0
0
0.0
0
-0.009980363771319389
0.1781041026115417
-0.04867517948150635
0
0.0
0
0.0
2
9
3
4
-1.0
2
10
3
2
2.0
0
0
0
0
0.0
0
0.01096730027347803
0.063715361058712
-0.7021602988243103
0
0.0
0
0.0
8
4
3
7
-1.0
9
4
1
7
3.0
0
0
0
0
0.0
0
0.007174640893936157
-0.0959484726190567
0.1581805944442749
0
0.0
0
0.0
-1.356413006782532
6
6
3
1
-1.0
7
7
1
1
3.0
0
0
0
0
0.0
1
-0.01463717967271805
0.4575622975826263
-0.2579357922077179
0
0.0
0
0.0
9
0
1
3
-1.0
9
1
1
1
3.0
0
0
0
0
0.0
0
-0.000113720801891759
0.1485639065504074
-0.1352840960025787
0
0.0
0
0.0
2
0
1
3
-1.0
2
1
1
1
3.0
0
0
0
0
0.0
0
0.006352704949676991
-0.1828293949365616
0.5052971839904785
0
0.0
0
0.0
9
11
1
8
-1.0
9
15
1
4
2.0
0
0
0
0
0.0
0
0.0002494652871973813
-0.3546395897865295
0.1195605993270874
0
0.0
0
0.0
0
3
12
2
-1.0
0
4
12
1
2.0
0
0
0
0
0.0
0
0.008588278666138649
-0.3679581880569458
0.1928931027650833
0
0.0
0
0.0
10
11
2
5
-1.0
10
11
1
5
2.0
0
0
0
0
0.0
1
-0.0537954717874527
-0.92534601688385
-0.003040709998458624
0
0.0
0
0.0
2
11
1
8
-1.0
2
15
1
4
2.0
0
0
0
0
0.0
0
-0.01291490998119116
0.2076976001262665
-0.2807331085205078
0
0.0
0
0.0
6
12
6
7
-1.0
6
12
3
7
2.0
0
0
0
0
0.0
0
0.06521701812744141
0.09122960269451141
-0.3950904011726379
0
0.0
0
0.0
0
0
4
2
-1.0
0
0
2
1
2.0
2
1
2
1
2.0
0
-0.01548295002430677
0.5549240112304688
-0.1017891988158226
0
0.0
0
0.0
6
12
6
7
-1.0
6
12
3
7
2.0
0
0
0
0
0.0
0
-0.07096447050571442
-0.6059054136276245
0.03323578089475632
0
0.0
0
0.0
0
12
6
7
-1.0
3
12
3
7
2.0
0
0
0
0
0.0
0
-0.1479211002588272
0.6814048886299133
-0.09288205951452255
0
0.0
0
0.0
8
2
1
8
-1.0
6
4
1
4
2.0
0
0
0
0
0.0
1
0.03215629979968071
-0.1300099045038223
0.1614340990781784
0
0.0
0
0.0
4
2
8
1
-1.0
6
4
4
1
2.0
0
0
0
0
0.0
1
-0.005520273000001907
0.1814790070056915
-0.3292837142944336
0
0.0
0
0.0
9
10
3
3
-1.0
8
11
3
1
3.0
0
0
0
0
0.0
1
0.01774925924837589
-0.0674721971154213
0.2409597039222717
0
0.0
0
0.0
3
10
3
3
-1.0
4
11
1
3
3.0
0
0
0
0
0.0
1
-0.01477346010506153
-0.7197691202163696
0.07024425268173218
0
0.0
0
0.0
2
0
8
2
-1.0
4
0
4
2
2.0
0
0
0
0
0.0
0
-0.02138438075780869
-0.6630039215087891
0.0615423396229744
0
0.0
0
0.0
6
7
3
2
-1.0
7
8
1
2
3.0
0
0
0
0
0.0
1
0.01128531992435455
-0.1114714965224266
0.4207009971141815
0
0.0
0
0.0
3
4
6
12
-1.0
3
8
6
4
3.0
0
0
0
0
0.0
0
0.0005381848895922303
0.1358045935630798
-0.3638943135738373
0
0.0
0
0.0
0
7
3
3
-1.0
0
8
3
1
3.0
0
0
0
0
0.0
0
-0.004537234082818031
-0.6284838914871216
0.07564494758844376
0
0.0
0
0.0
8
11
4
6
-1.0
8
13
4
2
3.0
0
0
0
0
0.0
0
-0.05888086929917336
-0.441235214471817
0.00526932580396533
0
0.0
0
0.0
0
11
4
6
-1.0
0
13
4
2
3.0
0
0
0
0
0.0
0
0.03762353956699371
0.06074177846312523
-0.7327349185943604
0
0.0
0
0.0
3
17
8
2
-1.0
7
17
4
1
2.0
3
18
4
1
2.0
0
0.004986423999071121
-0.09510008990764618
0.1321807056665421
0
0.0
0
0.0
0
14
10
5
-1.0
5
14
5
5
2.0
0
0
0
0
0.0
0
0.1584822982549667
-0.2347756028175354
0.20766119658947
0
0.0
0
0.0
8
11
3
1
-1.0
9
11
1
1
3.0
0
0
0
0
0.0
0
-0.002214828040450811
0.1315034925937653
-0.07253188639879227
0
0.0
0
0.0
1
11
3
1
-1.0
2
11
1
1
3.0
0
0
0
0
0.0
0
-0.002419716911390424
0.3436922132968903
-0.136031299829483
0
0.0
0
0.0
9
1
3
6
-1.0
10
2
1
6
3.0
0
0
0
0
0.0
1
0.01366721000522375
-0.113528199493885
0.1890556067228317
0
0.0
0
0.0
0
0
12
18
-1.0
0
9
12
9
2.0
0
0
0
0
0.0
0
0.3490715026855469
-0.2056464999914169
0.2081433981657028
0
0.0
0
0.0
8
6
1
2
-1.0
8
6
1
1
2.0
0
0
0
0
0.0
1
-0.02318079955875874
-0.7041056156158447
0.00653546117246151
0
0.0
0
0.0
6
4
3
3
-1.0
7
5
1
3
3.0
0
0
0
0
0.0
1
-0.02470489032566547
0.432121604681015
-0.1048557981848717
0
0.0
0
0.0
9
1
3
6
-1.0
10
2
1
6
3.0
0
0
0
0
0.0
1
0.03506173938512802
-0.05693630874156952
0.2405312061309814
0
0.0
0
0.0
3
1
6
3
-1.0
2
2
6
1
3.0
0
0
0
0
0.0
1
-0.02848220989108086
-0.6442590951919556
0.06706546992063522
0
0.0
0
0.0
9
11
2
3
-1.0
8
12
2
1
3.0
0
0
0
0
0.0
1
0.009402217343449593
-0.08732783049345016
0.1023619025945663
0
0.0
0
0.0
3
11
3
2
-1.0
4
12
1
2
3.0
0
0
0
0
0.0
1
0.01266239024698734
0.06464949250221252
-0.6646484136581421
0
0.0
0
0.0
8
5
4
4
-1.0
8
6
4
2
2.0
0
0
0
0
0.0
0
-0.0001863098004832864
0.08881253749132156
-0.1480108052492142
0
0.0
0
0.0
0
5
4
4
-1.0
0
6
4
2
2.0
0
0
0
0
0.0
0
-0.006363121792674065
-0.6125792860984802
0.07082276791334152
0
0.0
0
0.0
5
17
3
3
-1.0
5
18
3
1
3.0
0
0
0
0
0.0
0
-0.003274165093898773
0.164127305150032
-0.1336484998464584
0
0.0
0
0.0
4
15
1
3
-1.0
4
16
1
1
3.0
0
0
0
0
0.0
0
0.003409639932215214
-0.1204620003700256
0.3225178122520447
0
0.0
0
0.0
10
10
2
4
-1.0
11
10
1
2
2.0
10
12
1
2
2.0
0
-0.00206649606116116
0.08054468780755997
-0.03929033130407333
0
0.0
0
0.0
0
10
2
4
-1.0
0
10
1
2
2.0
1
12
1
2
2.0
0
-0.007148889824748039
0.3594421148300171
-0.11370600014925
0
0.0
0
0.0
9
4
3
6
-1.0
10
4
1
6
3.0
0
0
0
0
0.0
0
0.001460897969081998
-0.1439335942268372
0.1046840995550156
0
0.0
0
0.0
0
4
3
6
-1.0
1
4
1
6
3.0
0
0
0
0
0.0
0
-0.01251032017171383
0.3002400100231171
-0.1304143071174622
0
0.0
0
0.0
10
7
2
6
-1.0
11
7
1
3
2.0
10
10
1
3
2.0
0
-0.01647011935710907
-0.3404487073421478
0.0224765595048666
0
0.0
0
0.0
0
7
2
6
-1.0
0
7
1
3
2.0
1
10
1
3
2.0
0
-0.0137653099372983
0.4467760026454926
-0.09728401899337769
0
0.0
0
0.0
10
8
2
3
-1.0
10
9
2
1
3.0
0
0
0
0
0.0
0
0.0001094696999643929
-0.2087243050336838
0.1540178060531616
0
0.0
0
0.0
0
8
3
3
-1.0
0
9
3
1
3.0
0
0
0
0
0.0
0
-0.0069605209864676
-0.8229954838752747
0.04889785125851631
0
0.0
0
0.0
-1.274867057800293
0
0
4
1
-1.0
2
0
2
1
2.0
0
0
0
0
0.0
0
0.004918408114463091
-0.3297609984874725
0.3159970045089722
0
0.0
0
0.0
4
6
4
3
-1.0
4
7
4
1
3.0
0
0
0
0
0.0
0
-0.008424073457717896
0.3235037922859192
-0.2455348968505859
0
0.0
0
0.0
0
8
10
10
-1.0
0
8
5
5
2.0
5
13
5
5
2.0
0
0.2076091021299362
-0.2740123867988586
0.2419745028018951
0
0.0
0
0.0
8
0
1
8
-1.0
8
0
1
4
2.0
0
0
0
0
0.0
1
-0.01500289980322123
0.0835338830947876
-0.2559644877910614
0
0.0
0
0.0
1
6
4
1
-1.0
3
6
2
1
2.0
0
0
0
0
0.0
0
0.002214461099356413
-0.225346103310585
0.2274055033922195
0
0.0
0
0.0
8
0
1
8
-1.0
8
0
1
4
2.0
0
0
0
0
0.0
1
-0.06069969013333321
0.1854920983314514
-0.01950553059577942
0
0.0
0
0.0
6
13
1
6
-1.0
6
13
1
3
2.0
0
0
0
0
0.0
1
-0.05653833970427513
0.6133043766021729
-0.08773580938577652
0
0.0
0
0.0
0
18
12
2
-1.0
0
19
12
1
2.0
0
0
0
0
0.0
0
-0.01441249996423721
0.2409300953149796
-0.2734456062316895
0
0.0
0
0.0
3
18
1
2
-1.0
3
19
1
1
2.0
0
0
0
0
0.0
0
-0.001421942026354373
-0.6017755270004272
0.1005842983722687
0
0.0
0
0.0
10
10
2
6
-1.0
10
10
1
6
2.0
0
0
0
0
0.0
0
0.01633119024336338
0.02128886058926582
-0.5014201998710632
0
0.0
0
0.0
0
10
2
6
-1.0
1
10
1
6
2.0
0
0
0
0
0.0
0
0.01410672999918461
-0.1839095056056976
0.2659789025783539
0
0.0
0
0.0
8
0
1
8
-1.0
8
0
1
4
2.0
0
0
0
0
0.0
1
-0.0004936069017276168
0.03052419982850552
-0.204987496137619
0
0.0
0
0.0
4
2
4
2
-1.0
4
2
2
1
2.0
6
3
2
1
2.0
0
-0.007010144181549549
0.4048888981342316
-0.1182615980505943
0
0.0
0
0.0
0
8
12
2
-1.0
0
8
6
2
2.0
0
0
0
0
0.0
0
0.06473635882139206
0.09016323834657669
-0.4848597943782806
0
0.0
0
0.0
4
0
4
2
-1.0
5
0
2
2
2.0
0
0
0
0
0.0
0
-0.006722448859363794
-0.5463017821311951
0.07330869138240814
0
0.0
0
0.0
6
0
3
3
-1.0
7
0
1
3
3.0
0
0
0
0
0.0
0
-0.01274816039949656
-0.6764184832572937
0.03279858082532883
0
0.0
0
0.0
3
0
3
3
-1.0
4
0
1
3
3.0
0
0
0
0
0.0
0
-0.007323483005166054
-0.6386950016021729
0.05441316962242126
0
0.0
0
0.0
6
5
1
3
-1.0
5
6
1
1
3.0
0
0
0
0
0.0
1
-0.01771379075944424
-0.7498977780342102
0.006304109934717417
0
0.0
0
0.0
0
1
2
4
-1.0
0
1
1
2
2.0
1
3
1
2
2.0
0
-0.01102215982973576
0.4756244122982025
-0.08781235665082932
0
0.0
0
0.0
10
1
2
4
-1.0
11
1
1
2
2.0
10
3
1
2
2.0
0
-0.0072062062099576
-0.5117530226707458
0.03822211921215057
0
0.0
0
0.0
0
1
2
4
-1.0
0
1
1
2
2.0
1
3
1
2
2.0
0
0.00786699540913105
-0.1082205027341843
0.4300712943077087
0
0.0
0
0.0
9
8
3
3
-1.0
9
9
3
1
3.0
0
0
0
0
0.0
0
0.01475321967154741
0.03092302940785885
-0.5839996933937073
0
0.0
0
0.0
6
16
2
2
-1.0
6
16
1
2
2.0
0
0
0
0
0.0
1
-0.008739612996578217
-0.5570930242538452
0.06505759060382843
0
0.0
0
0.0
6
8
2
1
-1.0
6
8
1
1
2.0
0
0
0
0
0.0
0
-0.001876557013019919
0.2075345069169998
-0.1040463000535965
0
0.0
0
0.0
6
5
3
1
-1.0
7
6
1
1
3.0
0
0
0
0
0.0
1
0.006140326149761677
-0.08819632232189178
0.5039358139038086
0
0.0
0
0.0
5
5
2
3
-1.0
5
6
2
1
3.0
0
0
0
0
0.0
0
-0.006245553027838469
0.4569287896156311
-0.0888715386390686
0
0.0
0
0.0
1
6
3
3
-1.0
1
7
3
1
3.0
0
0
0
0
0.0
0
-0.006521307863295078
-0.7335817217826843
0.06102291122078896
0
0.0
0
0.0
8
1
1
8
-1.0
6
3
1
4
2.0
0
0
0
0
0.0
1
0.08427652716636658
-0.005195380188524723
-0.728470504283905
0
0.0
0
0.0
4
1
8
1
-1.0
6
3
4
1
2.0
0
0
0
0
0.0
1
0.01218620967119932
0.08024643361568451
-0.4940682947635651
0
0.0
0
0.0
8
13
3
4
-1.0
7
14
3
2
2.0
0
0
0
0
0.0
1
-0.0520707406103611
0.5378599166870117
-0.02618414908647537
0
0.0
0
0.0
5
5
1
8
-1.0
5
7
1
4
2.0
0
0
0
0
0.0
0
-0.001805654028430581
0.1249961033463478
-0.3101426959037781
0
0.0
0
0.0
9
11
3
3
-1.0
8
12
3
1
3.0
0
0
0
0
0.0
1
0.003552555106580257
-0.1435517966747284
0.09350895881652832
0
0.0
0
0.0
4
13
4
3
-1.0
5
14
2
3
2.0
0
0
0
0
0.0
1
0.02172275073826313
0.05428900942206383
-0.6900447010993958
0
0.0
0
0.0
8
4
3
4
-1.0
9
5
1
4
3.0
0
0
0
0
0.0
1
0.01569686084985733
-0.06264699250459671
0.523282527923584
0
0.0
0
0.0
6
4
3
4
-1.0
7
5
1
4
3.0
0
0
0
0
0.0
1
0.0114862397313118
-0.1706770956516266
0.2537926137447357
0
0.0
0
0.0
8
4
3
4
-1.0
9
5
1
4
3.0
0
0
0
0
0.0
1
-0.07011035084724426
0.2184523940086365
-0.03254092112183571
0
0.0
0
0.0
4
4
4
3
-1.0
3
5
4
1
3.0
0
0
0
0
0.0
1
-0.02383212931454182
-0.7285236716270447
0.05610335990786552
0
0.0
0
0.0
6
8
4
2
-1.0
6
9
4
1
2.0
0
0
0
0
0.0
0
0.01815290004014969
0.007969277910888195
-0.5010867714881897
0
0.0
0
0.0
2
8
5
2
-1.0
2
9
5
1
2.0
0
0
0
0
0.0
0
-0.004933778196573257
-0.5486127734184265
0.0745994821190834
0
0.0
0
0.0
6
13
6
4
-1.0
6
15
6
2
2.0
0
0
0
0
0.0
0
-0.02872153930366039
-0.5096756815910339
0.01389923039823771
0
0.0
0
0.0
0
0
12
1
-1.0
6
0
6
1
2.0
0
0
0
0
0.0
0
0.006040440872311592
0.08019621670246124
-0.458112895488739
0
0.0
0
0.0
11
1
1
3
-1.0
10
2
1
1
3.0
0
0
0
0
0.0
1
-0.0174073800444603
-0.6717814803123474
0.007852458395063877
0
0.0
0
0.0
1
1
3
1
-1.0
2
2
1
1
3.0
0
0
0
0
0.0
1
0.01875592023134232
-0.0707157626748085
0.5290002226829529
0
0.0
0
0.0
8
4
3
7
-1.0
9
4
1
7
3.0
0
0
0
0
0.0
0
0.007529743015766144
-0.05497134849429131
0.1258689016103745
0
0.0
0
0.0
1
4
3
7
-1.0
2
4
1
7
3.0
0
0
0
0
0.0
0
0.02771469950675964
-0.09405112266540527
0.392692893743515
0
0.0
0
0.0
10
0
2
2
-1.0
10
0
1
2
2.0
0
0
0
0
0.0
1
-0.01913616992533207
-0.6129276752471924
0.04367611929774284
0
0.0
0
0.0
1
6
3
4
-1.0
2
6
1
4
3.0
0
0
0
0
0.0
0
-0.01172962971031666
0.40649351477623
-0.1005498021841049
0
0.0
0
0.0
10
0
2
3
-1.0
10
0
1
3
2.0
0
0
0
0
0.0
1
0.002684270963072777
0.06180617958307266
-0.2604000866413116
0
0.0
0
0.0
2
0
3
2
-1.0
2
0
3
1
2.0
0
0
0
0
0.0
1
0.01350415032356977
0.06324782967567444
-0.6191660165786743
0
0.0
0
0.0
10
5
1
3
-1.0
10
6
1
1
3.0
0
0
0
0
0.0
0
-0.004892295226454735
-0.7328817844390869
0.04191244021058083
0
0.0
0
0.0
-1.28786301612854
5
0
2
3
-1.0
5
1
2
1
3.0
0
0
0
0
0.0
0
0.01012478023767471
-0.2247883975505829
0.4956218898296356
0
0.0
0
0.0
6
1
6
9
-1.0
6
4
6
3
3.0
0
0
0
0
0.0
0
0.2057294994592667
0.026126179844141
-0.79092139005661
0
0.0
0
0.0
4
1
2
9
-1.0
4
4
2
3
3.0
0
0
0
0
0.0
0
0.01734884083271027
-0.387968897819519
0.2070892006158829
0
0.0
0
0.0
4
1
8
18
-1.0
8
1
4
9
2.0
4
10
4
9
2.0
0
-0.2547850906848907
-0.5785008072853088
0.01223498024046421
0
0.0
0
0.0
4
14
4
6
-1.0
4
17
4
3
2.0
0
0
0
0
0.0
0
-0.02860281988978386
0.1756816059350967
-0.378770112991333
0
0.0
0
0.0
10
1
2
4
-1.0
11
1
1
2
2.0
10
3
1
2
2.0
0
0.009155725128948689
0.05873453989624977
-0.53387188911438
0
0.0
0
0.0
0
1
2
4
-1.0
0
1
1
2
2.0
1
3
1
2
2.0
0
-0.006799732800573111
0.4228608906269073
-0.1503129005432129
0
0.0
0
0.0
5
0
4
17
-1.0
5
0
2
17
2.0
0
0
0
0
0.0
0
-0.09016799181699753
-0.4706800878047943
0.0191467497497797
0
0.0
0
0.0
3
0
4
17
-1.0
5
0
2
17
2.0
0
0
0
0
0.0
0
-0.02007506042718887
0.1521573066711426
-0.3028658032417297
0
0.0
0
0.0
8
9
2
8
-1.0
8
9
2
4
2.0
0
0
0
0
0.0
1
-0.1590503007173538
0.4826281070709229
-0.05534515902400017
0
0.0
0
0.0
0
8
12
12
-1.0
6
8
6
12
2.0
0
0
0
0
0.0
0
0.1005306020379066
-0.3176873922348022
0.1865465939044952
0
0.0
0
0.0
7
12
2
2
-1.0
8
12
1
1
2.0
7
13
1
1
2.0
0
0.002977845026180148
-0.04335596039891243
0.3044512867927551
0
0.0
0
0.0
0
9
4
3
-1.0
0
10
4
1
3.0
0
0
0
0
0.0
0
-0.006845597177743912
-0.6542286276817322
0.05710114166140556
0
0.0
0
0.0
6
4
2
3
-1.0
5
5
2
1
3.0
0
0
0
0
0.0
1
-0.02346290089190006
-0.7435762882232666
0.01161807030439377
0
0.0
0
0.0
4
0
4
2
-1.0
4
0
2
1
2.0
6
1
2
1
2.0
0
0.008466770872473717
-0.1131815016269684
0.349107414484024
0
0.0
0
0.0
11
0
1
12
-1.0
11
6
1
6
2.0
0
0
0
0
0.0
0
0.02922583930194378
-0.385724812746048
0.2547900974750519
0
0.0
0
0.0
1
2
1
18
-1.0
1
11
1
9
2.0
0
0
0
0
0.0
0
0.11265130341053
-0.09867783635854721
0.7080972790718079
0
0.0
0
0.0
6
5
4
5
-1.0
6
5
2
5
2.0
0
0
0
0
0.0
1
0.1005901023745537
0.03943188861012459
-0.2087268978357315
0
0.0
0
0.0
1
7
8
2
-1.0
5
7
4
2
2.0
0
0
0
0
0.0
0
-0.01462296955287457
0.1073902025818825
-0.4433710873126984
0
0.0
0
0.0
10
0
2
2
-1.0
10
0
1
2
2.0
0
0
0
0
0.0
1
0.005918308161199093
0.02247978933155537
-0.4709522128105164
0
0.0
0
0.0
2
0
2
2
-1.0
2
0
2
1
2.0
0
0
0
0
0.0
1
-0.01113728992640972
-0.5382143259048462
0.07125010341405869
0
0.0
0
0.0
8
9
2
8
-1.0
8
9
2
4
2.0
0
0
0
0
0.0
1
0.2061261981725693
0.002502908930182457
-0.5513449907302856
0
0.0
0
0.0
4
9
8
2
-1.0
4
9
4
2
2.0
0
0
0
0
0.0
1
0.01960638910531998
0.06883089989423752
-0.5874829888343811
0
0.0
0
0.0
9
11
2
3
-1.0
8
12
2
1
3.0
0
0
0
0
0.0
1
0.01423778012394905
-0.109935998916626
0.220190092921257
0
0.0
0
0.0
3
11
3
2
-1.0
4
12
1
2
3.0
0
0
0
0
0.0
1
-0.01157990004867315
-0.6040104031562805
0.06111294031143188
0
0.0
0
0.0
8
12
2
2
-1.0
9
12
1
1
2.0
8
13
1
1
2.0
0
0.002720138989388943
-0.08688277751207352
0.2116076052188873
0
0.0
0
0.0
2
12
2
2
-1.0
2
12
1
1
2.0
3
13
1
1
2.0
0
0.004331189207732677
-0.08572276681661606
0.432514488697052
0
0.0
0
0.0
7
13
2
2
-1.0
8
13
1
1
2.0
7
14
1
1
2.0
0
0.001485691056586802
-0.03543085977435112
0.1432196944952011
0
0.0
0
0.0
3
13
2
2
-1.0
3
13
1
1
2.0
4
14
1
1
2.0
0
-0.002497290959581733
0.426100105047226
-0.1097450032830238
0
0.0
0
0.0
9
10
3
3
-1.0
9
11
3
1
3.0
0
0
0
0
0.0
0
0.01385752018541098
0.02176214940845966
-0.4770601987838745
0
0.0
0
0.0
3
2
7
3
-1.0
2
3
7
1
3.0
0
0
0
0
0.0
1
-0.02359486930072308
-0.4624476134777069
0.0797189325094223
0
0.0
0
0.0
10
18
2
2
-1.0
10
19
2
1
2.0
0
0
0
0
0.0
0
-0.003048140089958906
0.1750354021787643
-0.2986587882041931
0
0.0
0
0.0
0
18
2
2
-1.0
0
19
2
1
2.0
0
0
0
0
0.0
0
-0.001312735956162214
-0.5591322183609009
0.07189639657735825
0
0.0
0
0.0
10
2
2
1
-1.0
10
2
1
1
2.0
0
0
0
0
0.0
0
-0.004331969190388918
-0.8065143823623657
0.01519905962049961
0
0.0
0
0.0
0
2
2
1
-1.0
1
2
1
1
2.0
0
0
0
0
0.0
0
-0.003674234030768275
0.4240776896476746
-0.09244375675916672
0
0.0
0
0.0
9
3
3
6
-1.0
10
3
1
6
3.0
0
0
0
0
0.0
0
0.02556495927274227
0.02905982919037342
-0.4827417135238647
0
0.0
0
0.0
0
3
3
6
-1.0
1
3
1
6
3.0
0
0
0
0
0.0
0
0.02812986075878143
-0.08018465340137482
0.5227975845336914
0
0.0
0
0.0
9
10
3
3
-1.0
9
11
3
1
3.0
0
0
0
0
0.0
0
8.803907257970423e-5
-0.07434409856796265
0.094045989215374
0
0.0
0
0.0
0
10
3
3
-1.0
0
11
3
1
3.0
0
0
0
0
0.0
0
-0.004610097035765648
-0.5104632973670959
0.07025931030511856
0
0.0
0
0.0
9
11
2
2
-1.0
10
11
1
1
2.0
9
12
1
1
2.0
0
0.002460736082866788
-0.073687382042408
0.1718591004610062
0
0.0
0
0.0
1
11
2
2
-1.0
1
11
1
1
2.0
2
12
1
1
2.0
0
-0.001846180995926261
0.3251441121101379
-0.1251775026321411
0
0.0
0
0.0
9
12
1
3
-1.0
8
13
1
1
3.0
0
0
0
0
0.0
1
0.0002649853995535523
-0.1012964025139809
0.05449111014604568
0
0.0
0
0.0
6
12
4
2
-1.0
6
12
4
1
2.0
0
0
0
0
0.0
1
0.01397495996207
0.1020319014787674
-0.3904440999031067
0
0.0
0
0.0
9
12
1
3
-1.0
8
13
1
1
3.0
0
0
0
0
0.0
1
0.003357531037181616
-0.06422653049230576
0.0542023591697216
0
0.0
0
0.0
3
12
3
1
-1.0
4
13
1
1
3.0
0
0
0
0
0.0
1
0.007320194970816374
0.05993403121829033
-0.6058825850486755
0
0.0
0
0.0
7
12
2
2
-1.0
8
12
1
1
2.0
7
13
1
1
2.0
0
-0.001242800033651292
0.1166528016328812
-0.07228823751211166
0
0.0
0
0.0
3
12
2
2
-1.0
3
12
1
1
2.0
4
13
1
1
2.0
0
-0.001804474042728543
0.341499000787735
-0.09846890717744827
0
0.0
0
0.0
10
6
1
3
-1.0
10
7
1
1
3.0
0
0
0
0
0.0
0
-0.004840853158384562
-0.5309417843818665
0.03144644945859909
0
0.0
0
0.0
0
0
3
2
-1.0
0
1
3
1
2.0
0
0
0
0
0.0
0
0.004586188122630119
-0.1689687967300415
0.1989787071943283
0
0.0
0
0.0
11
16
1
4
-1.0
11
17
1
2
2.0
0
0
0
0
0.0
0
0.01322301011532545
0.02650205045938492
-0.6178253889083862
0
0.0
0
0.0
0
16
1
4
-1.0
0
17
1
2
2.0
0
0
0
0
0.0
0
-0.001331001985818148
-0.3701876103878021
0.08992228657007217
0
0.0
0
0.0
11
16
1
3
-1.0
11
17
1
1
3.0
0
0
0
0
0.0
0
-0.001492340001277626
-0.327716588974
0.06375347077846527
0
0.0
0
0.0
0
16
1
3
-1.0
0
17
1
1
3.0
0
0
0
0
0.0
0
0.002312853932380676
0.05809888988733292
-0.5721790790557861
0
0.0
0
0.0
6
8
2
3
-1.0
5
9
2
1
3.0
0
0
0
0
0.0
1
-0.03947091102600098
-0.5937625169754028
0.002493892097845674
0
0.0
0
0.0
6
8
3
2
-1.0
7
9
1
2
3.0
0
0
0
0
0.0
1
0.01106129959225655
-0.0976317971944809
0.3433511853218079
0
0.0
0
0.0
8
14
2
2
-1.0
9
14
1
1
2.0
8
15
1
1
2.0
0
0.001758820959366858
-0.03372376039624214
0.1866700053215027
0
0.0
0
0.0
-1.393666982650757
3
6
5
3
-1.0
3
7
5
1
3.0
0
0
0
0
0.0
0
-0.004317531827837229
0.2670189142227173
-0.3537487089633942
0
0.0
0
0.0
9
0
1
3
-1.0
9
1
1
1
3.0
0
0
0
0
0.0
0
0.01300735026597977
0.00870248768478632
-0.7599247097969055
0
0.0
0
0.0
2
0
1
3
-1.0
2
1
1
1
3.0
0
0
0
0
0.0
0
0.004876282997429371
-0.2028409987688065
0.4143345952033997
0
0.0
0
0.0
8
5
4
11
-1.0
8
5
2
11
2.0
0
0
0
0
0.0
0
-0.0107054403051734
0.2014425992965698
-0.292926013469696
0
0.0
0
0.0
1
15
4
2
-1.0
1
15
2
1
2.0
3
16
2
1
2.0
0
-0.004471748135983944
0.2978523969650269
-0.2151547968387604
0
0.0
0
0.0
7
3
3
10
-1.0
8
3
1
10
3.0
0
0
0
0
0.0
0
-0.1097171008586884
-0.9004393219947815
0.04168866947293282
0
0.0
0
0.0
2
3
3
10
-1.0
3
3
1
10
3.0
0
0
0
0
0.0
0
0.02419313043355942
-0.1710987985134125
0.3121159970760345
0
0.0
0
0.0
8
13
3
2
-1.0
9
14
1
2
3.0
0
0
0
0
0.0
1
0.02417467907071114
0.02840751968324184
-0.5342279076576233
0
0.0
0
0.0
4
13
2
3
-1.0
3
14
2
1
3.0
0
0
0
0
0.0
1
0.02122222073376179
-0.1197967007756233
0.4422279894351959
0
0.0
0
0.0
0
1
12
6
-1.0
0
4
12
3
2.0
0
0
0
0
0.0
0
0.02618087083101273
-0.5370836853981018
0.08555419743061066
0
0.0
0
0.0
1
6
2
4
-1.0
1
7
2
2
2.0
0
0
0
0
0.0
0
-0.004630980081856251
-0.6345061063766479
0.07841522991657257
0
0.0
0
0.0
10
4
2
3
-1.0
10
5
2
1
3.0
0
0
0
0
0.0
0
-0.006120890844613314
-0.5818445086479187
0.05626215040683746
0
0.0
0
0.0
3
0
6
2
-1.0
3
0
3
1
2.0
6
1
3
1
2.0
0
0.024345550686121
-0.08236276358366013
0.5208563208580017
0
0.0
0
0.0
7
0
3
3
-1.0
8
0
1
3
3.0
0
0
0
0
0.0
0
-0.010590479709208
-0.5845041275024414
0.03755094856023788
0
0.0
0
0.0
2
0
3
3
-1.0
3
0
1
3
3.0
0
0
0
0
0.0
0
-0.008433600887656212
-0.7281569838523865
0.04328104853630066
0
0.0
0
0.0
6
4
3
3
-1.0
5
5
3
1
3.0
0
0
0
0
0.0
1
0.02599919959902763
0.02310303039848804
-0.4782185852527618
0
0.0
0
0.0
6
4
3
3
-1.0
7
5
1
3
3.0
0
0
0
0
0.0
1
0.02507361024618149
-0.1079023033380508
0.3549947142601013
0
0.0
0
0.0
4
2
8
16
-1.0
8
2
4
8
2.0
4
10
4
8
2.0
0
0.2907002866268158
0.006370340008288622
-0.8641241788864136
0
0.0
0
0.0
0
2
8
16
-1.0
0
2
4
8
2.0
4
10
4
8
2.0
0
0.17590269446373
-0.2558993995189667
0.1698727011680603
0
0.0
0
0.0
6
13
6
1
-1.0
6
13
3
1
2.0
0
0
0
0
0.0
1
-0.03258441016077995
-0.6272116899490356
0.01834478974342346
0
0.0
0
0.0
6
13
1
6
-1.0
6
13
1
3
2.0
0
0
0
0
0.0
1
-0.04138245061039925
0.5447534918785095
-0.1043618991971016
0
0.0
0
0.0
10
9
2
7
-1.0
10
9
1
7
2.0
0
0
0
0
0.0
0
-0.008619776926934719
0.1406923979520798
-0.04049073159694672
0
0.0
0
0.0
3
18
1
2
-1.0
3
19
1
1
2.0
0
0
0
0
0.0
0
0.002008002018556
0.09381428360939026
-0.4597829878330231
0
0.0
0
0.0
2
18
8
2
-1.0
6
18
4
1
2.0
2
19
4
1
2.0
0
0.01147876027971506
-0.2300574034452438
0.1854826956987381
0
0.0
0
0.0
4
5
4
3
-1.0
4
6
4
1
3.0
0
0
0
0
0.0
0
-0.009199319407343864
0.4319616854190826
-0.08499080687761307
0
0.0
0
0.0
4
4
4
2
-1.0
4
5
4
1
2.0
0
0
0
0
0.0
0
0.000328737311065197
-0.3247030973434448
0.1250258982181549
0
0.0
0
0.0
0
9
2
9
-1.0
1
9
1
9
2.0
0
0
0
0
0.0
0
0.01628682017326355
-0.1680843979120255
0.2020879983901978
0
0.0
0
0.0
8
13
2
2
-1.0
9
13
1
1
2.0
8
14
1
1
2.0
0
-0.0008832670864649117
0.1334154009819031
-0.08056720346212387
0
0.0
0
0.0
2
13
2
2
-1.0
2
13
1
1
2.0
3
14
1
1
2.0
0
-0.002209851983934641
0.3248102962970734
-0.1191321015357971
0
0.0
0
0.0
11
0
1
12
-1.0
11
6
1
6
2.0
0
0
0
0
0.0
0
0.003391134086996317
-0.6436002254486084
0.09307081997394562
0
0.0
0
0.0
4
5
8
4
-1.0
6
7
4
4
2.0
0
0
0
0
0.0
1
-0.02150120958685875
0.1216600015759468
-0.2813243865966797
0
0.0
0
0.0
8
10
3
3
-1.0
7
11
3
1
3.0
0
0
0
0
0.0
1
0.01359483040869236
-0.074954092502594
0.1132069975137711
0
0.0
0
0.0
4
0
3
2
-1.0
5
0
1
2
3.0
0
0
0
0
0.0
0
-0.005962620023638
-0.608763575553894
0.05580230057239532
0
0.0
0
0.0
9
11
3
3
-1.0
9
12
3
1
3.0
0
0
0
0
0.0
0
-0.007136705797165632
0.1375329047441483
-0.05494404956698418
0
0.0
0
0.0
3
14
2
2
-1.0
3
14
1
1
2.0
4
15
1
1
2.0
0
0.003793715965002775
-0.09733127057552338
0.3529041111469269
0
0.0
0
0.0
0
13
12
7
-1.0
0
13
6
7
2.0
0
0
0
0
0.0
0
0.4203700125217438
-0.06083030998706818
0.6235399842262268
0
0.0
0
0.0
0
0
2
1
-1.0
1
0
1
1
2.0
0
0
0
0
0.0
0
-0.001395310973748565
-0.4500555098056793
0.08593334257602692
0
0.0
0
0.0
10
1
2
2
-1.0
11
1
1
1
2.0
10
2
1
1
2.0
0
-0.0009176072780974209
-0.2736173868179321
0.04993313178420067
0
0.0
0
0.0
0
1
2
2
-1.0
0
1
1
1
2.0
1
2
1
1
2.0
0
0.002698360942304134
-0.09632600098848343
0.4449388980865479
0
0.0
0
0.0
10
1
2
2
-1.0
11
1
1
1
2.0
10
2
1
1
2.0
0
0.001810439047403634
0.05888605117797852
-0.2851104140281677
0
0.0
0
0.0
0
1
2
2
-1.0
0
1
1
1
2.0
1
2
1
1
2.0
0
-0.005268373992294073
0.5025057792663574
-0.1021675989031792
0
0.0
0
0.0
10
5
1
3
-1.0
10
6
1
1
3.0
0
0
0
0
0.0
0
0.0034583848901093
0.05812786146998405
-0.5985187292099
0
0.0
0
0.0
1
5
1
3
-1.0
1
6
1
1
3.0
0
0
0
0
0.0
0
-0.003579156007617712
-0.7349665760993958
0.04142260923981667
0
0.0
0
0.0
6
0
2
3
-1.0
6
1
2
1
3.0
0
0
0
0
0.0
0
0.005131535232067108
-0.09360820055007935
0.1709398031234741
0
0.0
0
0.0
4
2
8
1
-1.0
4
2
4
1
2.0
0
0
0
0
0.0
1
-0.04257101938128471
0.4837450087070465
-0.07803227007389069
0
0.0
0
0.0
8
8
4
3
-1.0
8
9
4
1
3.0
0
0
0
0
0.0
0
-0.01464839000254869
-0.4870635867118835
0.02520162984728813
0
0.0
0
0.0
0
8
4
3
-1.0
0
9
4
1
3.0
0
0
0
0
0.0
0
0.009354895912110806
0.03914114087820053
-0.8513230085372925
0
0.0
0
0.0
8
9
3
2
-1.0
9
9
1
2
3.0
0
0
0
0
0.0
0
-0.007704680785536766
0.272956907749176
-0.108408197760582
0
0.0
0
0.0
4
9
3
9
-1.0
5
12
1
3
9.0
0
0
0
0
0.0
0
-0.0644683763384819
-0.8051053285598755
0.04705334082245827
0
0.0
0
0.0
7
9
3
2
-1.0
8
9
1
2
3.0
0
0
0
0
0.0
0
-0.007948646321892738
0.3084056973457336
-0.1338724941015244
0
0.0
0
0.0
2
9
3
2
-1.0
3
9
1
2
3.0
0
0
0
0
0.0
0
-0.003926559817045927
0.3630538880825043
-0.1054019033908844
0
0.0
0
0.0
9
6
3
1
-1.0
10
7
1
1
3.0
0
0
0
0
0.0
1
-0.0360448881983757
0.5814098119735718
-0.0002968458866234869
0
0.0
0
0.0
3
6
1
3
-1.0
2
7
1
1
3.0
0
0
0
0
0.0
1
-0.007692014798521996
0.3319087028503418
-0.1092524975538254
0
0.0
0
0.0
-1.358075976371765
3
2
4
2
-1.0
3
2
2
1
2.0
5
3
2
1
2.0
0
-0.004976671189069748
0.37934410572052
-0.2495929002761841
0
0.0
0
0.0
6
3
4
3
-1.0
5
4
4
1
3.0
0
0
0
0
0.0
1
-0.03458989039063454
-0.449460506439209
0.03963533043861389
0
0.0
0
0.0
6
3
3
4
-1.0
7
4
1
4
3.0
0
0
0
0
0.0
1
0.01946163922548294
-0.2635726034641266
0.272471010684967
0
0.0
0
0.0
8
0
4
16
-1.0
8
0
2
16
2.0
0
0
0
0
0.0
0
0.04266376048326492
0.02958136051893234
-0.3475139141082764
0
0.0
0
0.0
0
13
12
4
-1.0
3
13
6
4
2.0
0
0
0
0
0.0
0
0.0585307702422142
-0.3070867955684662
0.2008288949728012
0
0.0
0
0.0
9
0
3
2
-1.0
9
1
3
1
2.0
0
0
0
0
0.0
0
-0.00297365989536047
-0.5457698106765747
0.02322015911340714
0
0.0
0
0.0
2
0
2
3
-1.0
2
1
2
1
3.0
0
0
0
0
0.0
0
0.007746449206024408
-0.1459767073392868
0.3515915870666504
0
0.0
0
0.0
3
0
6
1
-1.0
3
0
3
1
2.0
0
0
0
0
0.0
0
0.0007032058201730251
-0.3547796905040741
0.1494719982147217
0
0.0
0
0.0
3
0
2
3
-1.0
3
1
2
1
3.0
0
0
0
0
0.0
0
-0.01318356953561306
0.497952401638031
-0.09557641297578812
0
0.0
0
0.0
9
4
3
3
-1.0
9
5
3
1
3.0
0
0
0
0
0.0
0
0.01136026997119188
0.04485943913459778
-0.7770239114761353
0
0.0
0
0.0
0
4
3
3
-1.0
0
5
3
1
3.0
0
0
0
0
0.0
0
-0.005375274922698736
-0.6043660044670105
0.06345245242118835
0
0.0
0
0.0
8
11
2
2
-1.0
9
11
1
1
2.0
8
12
1
1
2.0
0
0.002627705922350287
-0.05978110060095787
0.1643182039260864
0
0.0
0
0.0
2
11
2
2
-1.0
2
11
1
1
2.0
3
12
1
1
2.0
0
-0.001906331046484411
0.3450076878070831
-0.1107826009392738
0
0.0
0
0.0
9
10
1
8
-1.0
7
12
1
4
2.0
0
0
0
0
0.0
1
-0.05543890967965126
0.5314031839370728
-0.039117269217968
0
0.0
0
0.0
1
3
3
8
-1.0
2
3
1
8
3.0
0
0
0
0
0.0
0
0.02299085073173046
-0.1110597997903824
0.3413977921009064
0
0.0
0
0.0
8
8
2
4
-1.0
8
10
2
2
2.0
0
0
0
0
0.0
0
0.02301386930048466
0.0194035992026329
-0.3065285086631775
0
0.0
0
0.0
2
15
3
4
-1.0
2
16
3
2
2.0
0
0
0
0
0.0
0
-0.003234690986573696
0.1844685971736908
-0.2184655070304871
0
0.0
0
0.0
8
4
3
6
-1.0
9
4
1
6
3.0
0
0
0
0
0.0
0
0.001973530044779181
-0.06488676369190216
0.06250903755426407
0
0.0
0
0.0
1
4
3
6
-1.0
2
4
1
6
3.0
0
0
0
0
0.0
0
-0.01075548026710749
0.359552413225174
-0.1103094965219498
0
0.0
0
0.0
8
12
2
3
-1.0
7
13
2
1
3.0
0
0
0
0
0.0
1
-0.02693643979728222
-0.7056941986083984
0.0150280799716711
0
0.0
0
0.0
3
10
8
1
-1.0
5
12
4
1
2.0
0
0
0
0
0.0
1
0.02888642065227032
0.05057654157280922
-0.7281543016433716
0
0.0
0
0.0
8
15
1
3
-1.0
7
16
1
1
3.0
0
0
0
0
0.0
1
0.005720035172998905
-0.1027420014143
0.08055319637060165
0
0.0
0
0.0
0
16
6
3
-1.0
0
17
6
1
3.0
0
0
0
0
0.0
0
-0.01798138022422791
-0.7060930132865906
0.05809596180915833
0
0.0
0
0.0
8
12
2
2
-1.0
9
12
1
1
2.0
8
13
1
1
2.0
0
0.001635332009755075
-0.09082082659006119
0.1219523027539253
0
0.0
0
0.0
2
12
2
2
-1.0
2
12
1
1
2.0
3
13
1
1
2.0
0
-0.001881054020486772
0.3136818110942841
-0.1183507964015007
0
0.0
0
0.0
9
12
1
3
-1.0
8
13
1
1
3.0
0
0
0
0
0.0
1
-0.01630518957972527
-0.3447062075138092
0.0106445299461484
0
0.0
0
0.0
3
11
2
2
-1.0
3
11
1
1
2.0
4
12
1
1
2.0
0
-0.00169813702814281
0.3648141920566559
-0.1063812002539635
0
0.0
0
0.0
8
15
1
3
-1.0
7
16
1
1
3.0
0
0
0
0
0.0
1
0.02117436937987804
0.03102537058293819
-0.2762041985988617
0
0.0
0
0.0
3
12
3
1
-1.0
4
13
1
1
3.0
0
0
0
0
0.0
1
-0.008844325318932533
-0.6987013816833496
0.05148696899414062
0
0.0
0
0.0
9
12
2
3
-1.0
8
13
2
1
3.0
0
0
0
0
0.0
1
0.00369295896962285
-0.06547971069812775
0.02272848971188068
0
0.0
0
0.0
3
12
3
2
-1.0
4
13
1
2
3.0
0
0
0
0
0.0
1
0.01089263986796141
0.06173321977257729
-0.674770712852478
0
0.0
0
0.0
6
9
2
6
-1.0
6
9
2
3
2.0
0
0
0
0
0.0
1
-0.1283352971076965
0.21409809589386
-0.03396277129650116
0
0.0
0
0.0
0
14
12
6
-1.0
0
17
12
3
2.0
0
0
0
0
0.0
0
-0.05123670026659966
0.15942020714283
-0.2434163987636566
0
0.0
0
0.0
6
3
3
6
-1.0
4
5
3
2
3.0
0
0
0
0
0.0
1
0.1232196018099785
0.02558661065995693
-0.4747323095798492
0
0.0
0
0.0
4
5
2
3
-1.0
5
5
1
3
2.0
0
0
0
0
0.0
0
-0.001927400007843971
0.1094387993216515
-0.3356840014457703
0
0.0
0
0.0
6
5
2
3
-1.0
5
6
2
1
3.0
0
0
0
0
0.0
1
-0.0201029796153307
-0.5165016055107117
0.0293150506913662
0
0.0
0
0.0
6
5
3
2
-1.0
7
6
1
2
3.0
0
0
0
0
0.0
1
0.01828154921531677
-0.06403674185276031
0.6255763173103333
0
0.0
0
0.0
4
8
5
2
-1.0
4
9
5
1
2.0
0
0
0
0
0.0
0
0.001473966054618359
-0.1682744026184082
0.1094126999378204
0
0.0
0
0.0
0
4
3
5
-1.0
1
4
1
5
3.0
0
0
0
0
0.0
0
-0.00908817071467638
0.2417526990175247
-0.1452330946922302
0
0.0
0
0.0
9
2
3
8
-1.0
10
2
1
8
3.0
0
0
0
0
0.0
0
-0.04507321864366531
-0.7359200716018677
0.005900403950363398
0
0.0
0
0.0
0
2
3
8
-1.0
1
2
1
8
3.0
0
0
0
0
0.0
0
0.01906727999448776
-0.1075683981180191
0.3375855088233948
0
0.0
0
0.0
6
9
2
6
-1.0
6
9
2
3
2.0
0
0
0
0
0.0
1
-0.09019093215465546
0.3006125092506409
-0.0432865284383297
0
0.0
0
0.0
6
9
6
5
-1.0
6
9
3
5
2.0
0
0
0
0
0.0
1
-0.02410723082721233
0.1486791968345642
-0.2217936962842941
0
0.0
0
0.0
11
0
1
12
-1.0
11
6
1
6
2.0
0
0
0
0
0.0
0
0.04228537902235985
-0.2065771073102951
0.2437202930450439
0
0.0
0
0.0
6
1
6
1
-1.0
8
3
2
1
3.0
0
0
0
0
0.0
1
-0.01922442950308323
-0.4110944867134094
0.08807694166898727
0
0.0
0
0.0
8
12
1
3
-1.0
7
13
1
1
3.0
0
0
0
0
0.0
1
-0.01871304959058762
-0.5551242828369141
-3.501090031932108e-5
0
0.0
0
0.0
4
12
3
1
-1.0
5
13
1
1
3.0
0
0
0
0
0.0
1
-0.01174063980579376
-0.7457352876663208
0.04647301137447357
0
0.0
0
0.0
7
2
2
18
-1.0
7
2
1
18
2.0
0
0
0
0
0.0
0
0.03514257818460464
0.002721603959798813
-0.4995374977588654
0
0.0
0
0.0
3
2
2
18
-1.0
4
2
1
18
2.0
0
0
0
0
0.0
0
-0.006648147944360971
0.1955935060977936
-0.1629645973443985
0
0.0
0
0.0
8
15
1
3
-1.0
7
16
1
1
3.0
0
0
0
0
0.0
1
0.007329123094677925
-0.05754334107041359
0.08142451196908951
0
0.0
0
0.0
4
15
3
1
-1.0
5
16
1
1
3.0
0
0
0
0
0.0
1
-0.005457905121147633
-0.5434703826904297
0.0577712208032608
0
0.0
0
0.0
7
14
2
2
-1.0
8
14
1
1
2.0
7
15
1
1
2.0
0
0.0001046528996084817
-0.1172441989183426
0.1336760967969894
0
0.0
0
0.0
3
14
2
2
-1.0
3
14
1
1
2.0
4
15
1
1
2.0
0
-0.001704043010249734
0.3220314979553223
-0.109001100063324
0
0.0
0
0.0
5
5
2
3
-1.0
5
6
2
1
3.0
0
0
0
0
0.0
0
-0.007564742118120193
0.4423942863941193
-0.06838224828243256
0
0.0
0
0.0
6
4
3
2
-1.0
7
5
1
2
3.0
0
0
0
0
0.0
1
0.008018312975764275
-0.1523956954479218
0.244832307100296
0
0.0
0
0.0
6
0
3
2
-1.0
7
0
1
2
3.0
0
0
0
0
0.0
0
-0.01064999029040337
-0.6240546107292175
0.02171101979911327
0
0.0
0
0.0
6
7
2
2
-1.0
6
7
2
1
2.0
0
0
0
0
0.0
1
-0.001424030982889235
0.08951959013938904
-0.3585089147090912
0
0.0
0
0.0
11
0
1
12
-1.0
11
6
1
6
2.0
0
0
0
0
0.0
0
0.005971269216388464
-0.4691486954689026
0.05260743945837021
0
0.0
0
0.0
6
6
4
2
-1.0
7
7
2
2
2.0
0
0
0
0
0.0
1
0.01696312054991722
-0.0610237717628479
0.5739254951477051
0
0.0
0
0.0
6
0
3
2
-1.0
7
0
1
2
3.0
0
0
0
0
0.0
0
0.007141496986150742
0.0289660207927227
-0.3217614889144897
0
0.0
0
0.0
3
0
3
3
-1.0
4
0
1
3
3.0
0
0
0
0
0.0
0
-0.00959249772131443
-0.7241007089614868
0.04041412845253944
0
0.0
0
0.0
11
4
1
3
-1.0
11
5
1
1
3.0
0
0
0
0
0.0
0
-0.004134385846555233
-0.6696538925170898
0.03357456997036934
0
0.0
0
0.0
1
7
2
2
-1.0
1
8
2
1
2.0
0
0
0
0
0.0
0
-0.004430247936397791
-0.639910876750946
0.0392889603972435
0
0.0
0
0.0
9
1
1
6
-1.0
9
1
1
3
2.0
0
0
0
0
0.0
1
-0.002646049950271845
0.0101819196715951
-0.1842824965715408
0
0.0
0
0.0
3
1
6
1
-1.0
3
1
3
1
2.0
0
0
0
0
0.0
1
-0.0330108106136322
-0.648223876953125
0.04611501097679138
0
0.0
0
0.0
-1.34116005897522
