[Header]
20
7
9
18
13
17
17
26
25
23
29
34
43
42
37
45
49
55
57
61
59
[Nodes]
12x20
2
7
8
12
-1.0
2
7
4
6
2.0
6
13
4
6
2.0
0
-0.1239359006285667
0.8257880210876465
-0.6760203242301941
0
0.0
0
0.0
3
7
8
2
-1.0
5
7
4
2
2.0
0
0
0
0
0.0
0
0.009422888047993183
-0.12722210586071
0.3321169912815094
0
0.0
0
0.0
6
4
3
4
-1.0
5
5
3
2
2.0
0
0
0
0
0.0
1
-0.01108494028449059
0.5674951076507568
-0.5671619772911072
0
0.0
0
0.0
4
0
8
18
-1.0
4
9
8
9
2.0
0
0
0
0
0.0
0
-0.2018969058990479
-0.7671797275543213
0.1963704973459244
0
0.0
0
0.0
0
18
3
2
-1.0
0
19
3
1
2.0
0
0
0
0
0.0
0
-4.740284930448979e-5
0.3845574855804443
-0.6701071858406067
0
0.0
0
0.0
11
0
1
10
-1.0
11
5
1
5
2.0
0
0
0
0
0.0
0
-0.008644542656838894
-0.6934583783149719
0.1059338003396988
0
0.0
0
0.0
0
0
10
1
-1.0
5
0
5
1
2.0
0
0
0
0
0.0
0
5.077042078482918e-5
-0.6835281848907471
0.3579573929309845
0
0.0
0
0.0
-1.380249977111816
2
5
8
14
-1.0
2
5
4
7
2.0
6
12
4
7
2.0
0
-0.1831634938716888
0.7883086204528809
-0.5887681245803833
0
0.0
0
0.0
0
0
12
8
-1.0
0
4
12
4
2.0
0
0
0
0
0.0
0
0.02538079023361206
-0.7476444840431213
0.4148600995540619
0
0.0
0
0.0
2
7
6
10
-1.0
2
12
6
5
2.0
0
0
0
0
0.0
0
0.01420741993933916
-0.7841153144836426
0.2735427021980286
0
0.0
0
0.0
8
2
4
8
-1.0
10
2
2
4
2.0
8
6
2
4
2.0
0
0.008680960163474083
-0.1097432971000671
0.09471870958805084
0
0.0
0
0.0
0
2
4
8
-1.0
0
2
2
4
2.0
2
6
2
4
2.0
0
-0.004121955949813128
0.317395806312561
-0.5433431267738342
0
0.0
0
0.0
0
18
12
2
-1.0
6
18
6
1
2.0
0
19
6
1
2.0
0
-0.01170007046312094
0.3965353965759277
-0.3743405044078827
0
0.0
0
0.0
0
14
12
6
-1.0
6
14
6
6
2.0
0
0
0
0
0.0
0
0.2876282930374146
-0.1773346066474915
0.8851668238639832
0
0.0
0
0.0
6
12
2
6
-1.0
6
12
2
3
2.0
0
0
0
0
0.0
1
-0.04846350103616714
-0.6094722747802734
0.1363340020179749
0
0.0
0
0.0
6
12
6
2
-1.0
6
12
3
2
2.0
0
0
0
0
0.0
1
0.07652377337217331
-0.2995055913925171
0.6152207255363464
0
0.0
0
0.0
-1.465216994285583
6
8
6
6
-1.0
8
10
2
6
3.0
0
0
0
0
0.0
1
0.1177738010883331
-0.5875486135482788
0.6199421882629395
0
0.0
0
0.0
3
6
9
3
-1.0
6
7
3
1
9.0
0
0
0
0
0.0
0
0.02953333035111427
-0.4242069125175476
0.3652482032775879
0
0.0
0
0.0
0
0
1
12
-1.0
0
6
1
6
2.0
0
0
0
0
0.0
0
0.006160345859825611
-0.7960737943649292
0.3286170065402985
0
0.0
0
0.0
6
2
4
5
-1.0
6
2
2
5
2.0
0
0
0
0
0.0
1
-5.975383101031184e-5
0.1039851978421211
-0.4581950902938843
0
0.0
0
0.0
4
5
4
4
-1.0
4
7
4
2
2.0
0
0
0
0
0.0
0
-0.0003619043854996562
0.5350638031959534
-0.6471974849700928
0
0.0
0
0.0
8
0
4
4
-1.0
8
2
4
2
2.0
0
0
0
0
0.0
0
0.020906500518322
-0.1679394990205765
0.2453905045986176
0
0.0
0
0.0
3
0
3
20
-1.0
3
10
3
10
2.0
0
0
0
0
0.0
0
0.00825277715921402
-0.8598604202270508
0.2286386936903
0
0.0
0
0.0
9
16
3
4
-1.0
9
17
3
2
2.0
0
0
0
0
0.0
0
0.005934102926403284
-0.04631993919610977
-0.6075853109359741
0
0.0
0
0.0
0
0
4
4
-1.0
0
2
4
2
2.0
0
0
0
0
0.0
0
0.0001855408045230433
-0.5799614787101746
0.3769443035125732
0
0.0
0
0.0
9
16
3
4
-1.0
9
17
3
2
2.0
0
0
0
0
0.0
0
-0.007253178860992193
-0.56681227684021
-0.0199102908372879
0
0.0
0
0.0
0
16
3
4
-1.0
0
17
3
2
2.0
0
0
0
0
0.0
0
4.082676969119348e-5
-0.6281375885009766
0.4054611921310425
0
0.0
0
0.0
3
7
8
1
-1.0
5
7
4
1
2.0
0
0
0
0
0.0
0
-0.01026850007474422
0.45032399892807
-0.2739906013011932
0
0.0
0
0.0
0
4
9
6
-1.0
3
6
3
2
9.0
0
0
0
0
0.0
0
-0.003540863981470466
0.3439314961433411
-0.6763961911201477
0
0.0
0
0.0
6
13
6
1
-1.0
8
15
2
1
3.0
0
0
0
0
0.0
1
-0.06942162662744522
0.6517320275306702
-0.07432641088962555
0
0.0
0
0.0
6
13
1
6
-1.0
4
15
1
2
3.0
0
0
0
0
0.0
1
7.198603998403996e-5
-0.4573721885681152
0.3010927140712738
0
0.0
0
0.0
2
3
9
2
-1.0
2
4
9
1
2.0
0
0
0
0
0.0
0
6.374173244694248e-5
-0.5582036972045898
0.191483199596405
0
0.0
0
0.0
0
6
1
4
-1.0
0
8
1
2
2.0
0
0
0
0
0.0
0
4.492087100516073e-5
-0.573793888092041
0.2127618938684464
0
0.0
0
0.0
4
8
7
10
-1.0
4
13
7
5
2.0
0
0
0
0
0.0
0
0.1315931975841522
-0.2275424003601074
0.28766331076622
0
0.0
0
0.0
-2.037286996841431
2
7
8
12
-1.0
2
7
4
6
2.0
6
13
4
6
2.0
0
-0.1549631953239441
0.7298564910888672
-0.5948960781097412
0
0.0
0
0.0
6
5
3
3
-1.0
7
6
1
3
3.0
0
0
0
0
0.0
1
0.008483321405947208
0.1360622048377991
-0.4377303123474121
0
0.0
0
0.0
6
5
3
3
-1.0
5
6
3
1
3.0
0
0
0
0
0.0
1
-0.03283168002963066
0.6715809106826782
-0.2873919904232025
0
0.0
0
0.0
5
16
4
4
-1.0
5
18
4
2
2.0
0
0
0
0
0.0
0
-0.02885379083454609
0.4592365026474
-0.04932703077793121
0
0.0
0
0.0
0
17
12
3
-1.0
6
17
6
3
2.0
0
0
0
0
0.0
0
0.1705241948366165
-0.1652754992246628
0.8450726270675659
0
0.0
0
0.0
0
15
12
3
-1.0
0
15
6
3
2.0
0
0
0
0
0.0
0
0.1087912991642952
-0.2891305088996887
0.531112015247345
0
0.0
0
0.0
0
0
2
16
-1.0
0
4
2
8
2.0
0
0
0
0
0.0
0
0.003096001921221614
-0.5532386898994446
0.2613463997840881
0
0.0
0
0.0
2
0
8
13
-1.0
2
0
4
13
2.0
0
0
0
0
0.0
0
-0.03361809998750687
0.229114294052124
-0.5592442750930786
0
0.0
0
0.0
0
0
6
2
-1.0
0
1
6
1
2.0
0
0
0
0
0.0
0
-0.001107404008507729
-0.6309638023376465
0.1585544049739838
0
0.0
0
0.0
7
18
5
2
-1.0
7
19
5
1
2.0
0
0
0
0
0.0
0
-0.004438562784343958
-0.6381739974021912
0.1277948021888733
0
0.0
0
0.0
0
18
5
2
-1.0
0
19
5
1
2.0
0
0
0
0
0.0
0
-0.009412700310349464
0.351084202528
-0.3473840057849884
0
0.0
0
0.0
6
15
2
3
-1.0
6
15
1
3
2.0
0
0
0
0
0.0
1
-0.03249948099255562
0.67672997713089
-0.05598447099328041
0
0.0
0
0.0
6
15
3
2
-1.0
6
15
3
1
2.0
0
0
0
0
0.0
1
-0.01346416957676411
-0.7541260719299316
0.1598609983921051
0
0.0
0
0.0
-1.506173968315125
2
7
8
12
-1.0
2
7
4
6
2.0
6
13
4
6
2.0
0
-0.1805056035518646
0.7183583974838257
-0.5246952772140503
0
0.0
0
0.0
5
16
4
4
-1.0
5
18
4
2
2.0
0
0
0
0
0.0
0
-0.0152715602889657
0.3221594989299774
-0.1585564017295837
0
0.0
0
0.0
6
3
6
6
-1.0
4
5
6
2
3.0
0
0
0
0
0.0
1
-0.03487979993224144
0.3210518956184387
-0.5333862900733948
0
0.0
0
0.0
0
16
12
4
-1.0
6
16
6
2
2.0
0
18
6
2
2.0
0
-0.0317436009645462
0.4104087054729462
-0.379359096288681
0
0.0
0
0.0
0
2
10
4
-1.0
0
4
10
2
2.0
0
0
0
0
0.0
0
0.004842761904001236
-0.6958420872688293
0.2408006936311722
0
0.0
0
0.0
8
9
2
8
-1.0
6
11
2
4
2.0
0
0
0
0
0.0
1
0.04963963106274605
0.008058197796344757
-0.5477064847946167
0
0.0
0
0.0
4
9
8
3
-1.0
6
11
4
3
2.0
0
0
0
0
0.0
1
0.1115493029356003
-0.240364596247673
0.5638781785964966
0
0.0
0
0.0
6
12
1
6
-1.0
6
12
1
3
2.0
0
0
0
0
0.0
1
-0.02694779075682163
-0.4516296982765198
0.06006082892417908
0
0.0
0
0.0
6
12
6
1
-1.0
6
12
3
1
2.0
0
0
0
0
0.0
1
-0.04929612949490547
0.839128315448761
-0.1887127012014389
0
0.0
0
0.0
8
1
4
10
-1.0
10
1
2
5
2.0
8
6
2
5
2.0
0
0.02831543982028961
0.006976646836847067
0.1853426992893219
0
0.0
0
0.0
0
0
1
12
-1.0
0
6
1
6
2.0
0
0
0
0
0.0
0
0.03342153877019882
-0.3110167980194092
0.4004493057727814
0
0.0
0
0.0
9
0
2
1
-1.0
9
0
1
1
2.0
0
0
0
0
0.0
1
-0.006264466792345047
-0.4461579024791718
0.06627657264471054
0
0.0
0
0.0
3
0
1
2
-1.0
3
0
1
1
2.0
0
0
0
0
0.0
1
0.002554856007918715
0.1341332048177719
-0.7492725849151611
0
0.0
0
0.0
6
4
3
3
-1.0
7
5
1
3
3.0
0
0
0
0
0.0
1
0.029710179194808
0.0006137730088084936
-0.7761536240577698
0
0.0
0
0.0
6
5
3
3
-1.0
5
6
3
1
3.0
0
0
0
0
0.0
1
-0.04148570075631142
0.5940576791763306
-0.1688929051160812
0
0.0
0
0.0
10
2
2
3
-1.0
10
3
2
1
3.0
0
0
0
0
0.0
0
0.01223159022629261
0.05131248012185097
-0.7530357241630554
0
0.0
0
0.0
0
2
2
3
-1.0
0
3
2
1
3.0
0
0
0
0
0.0
0
-0.004315319005399942
-0.6481211185455322
0.1328161060810089
0
0.0
0
0.0
-1.526602029800415
4
8
8
4
-1.0
6
10
4
4
2.0
0
0
0
0
0.0
1
0.1171469986438751
-0.5115548968315125
0.5458725094795227
0
0.0
0
0.0
3
6
9
3
-1.0
6
7
3
1
9.0
0
0
0
0
0.0
0
0.052537951618433
-0.2698866128921509
0.3409804105758667
0
0.0
0
0.0
0
1
4
10
-1.0
0
1
2
5
2.0
2
6
2
5
2.0
0
-0.01998074911534786
0.3566223084926605
-0.4464004933834076
0
0.0
0
0.0
3
3
8
17
-1.0
5
3
4
17
2.0
0
0
0
0
0.0
0
-0.1216635033488274
0.4566256999969482
-0.06764759868383408
0
0.0
0
0.0
4
0
4
8
-1.0
6
0
2
8
2.0
0
0
0
0
0.0
0
0.01617694087326527
-0.4840776920318604
0.2564749121665955
0
0.0
0
0.0
6
10
6
3
-1.0
6
10
3
3
2.0
0
0
0
0
0.0
1
-0.1273103058338165
0.7856827974319458
-0.07618237286806107
0
0.0
0
0.0
0
18
4
2
-1.0
0
19
4
1
2.0
0
0
0
0
0.0
0
-0.003729685908183455
0.2714405953884125
-0.4882243871688843
0
0.0
0
0.0
6
10
6
3
-1.0
6
10
3
3
2.0
0
0
0
0
0.0
1
-0.173921599984169
0.7315676212310791
-0.04021795094013214
0
0.0
0
0.0
1
6
9
3
-1.0
4
7
3
1
9.0
0
0
0
0
0.0
0
-0.09451671689748764
0.4929785132408142
-0.218509703874588
0
0.0
0
0.0
6
10
6
3
-1.0
6
10
3
3
2.0
0
0
0
0
0.0
1
0.07975950092077255
-0.106675498187542
0.2172289043664932
0
0.0
0
0.0
6
10
3
6
-1.0
6
10
3
3
2.0
0
0
0
0
0.0
1
0.02915907092392445
0.1551319062709808
-0.7943271994590759
0
0.0
0
0.0
0
0
12
10
-1.0
0
5
12
5
2.0
0
0
0
0
0.0
0
0.006856760941445827
-0.7714219093322754
0.1097085028886795
0
0.0
0
0.0
2
0
1
2
-1.0
2
0
1
1
2.0
0
0
0
0
0.0
1
0.002635291079059243
0.09623592346906662
-0.7492529153823853
0
0.0
0
0.0
4
5
4
8
-1.0
4
7
4
4
2.0
0
0
0
0
0.0
0
-0.00411613006144762
0.174480602145195
-0.4648000001907349
0
0.0
0
0.0
0
0
2
3
-1.0
1
0
1
3
2.0
0
0
0
0
0.0
0
-0.002730726031586528
-0.5856161117553711
0.1177963986992836
0
0.0
0
0.0
0
8
12
4
-1.0
0
9
12
2
2.0
0
0
0
0
0.0
0
-0.01905928924679756
-0.6880996227264404
0.1028397008776665
0
0.0
0
0.0
1
3
1
3
-1.0
1
4
1
1
3.0
0
0
0
0
0.0
0
-0.002918221987783909
-0.6690186858177185
0.08372192829847336
0
0.0
0
0.0
-1.429514050483704
4
9
8
2
-1.0
6
11
4
2
2.0
0
0
0
0
0.0
1
0.08110874891281128
-0.3918048143386841
0.5362560749053955
0
0.0
0
0.0
5
3
2
6
-1.0
5
5
2
2
3.0
0
0
0
0
0.0
0
0.009159806184470654
-0.465289294719696
0.3338383138179779
0
0.0
0
0.0
0
0
1
8
-1.0
0
4
1
4
2.0
0
0
0
0
0.0
0
0.0008079502731561661
-0.7523099780082703
0.1438110023736954
0
0.0
0
0.0
2
5
8
14
-1.0
6
5
4
7
2.0
2
12
4
7
2.0
0
0.2440664023160934
-0.22846619784832
0.5008872151374817
0
0.0
0
0.0
0
6
1
8
-1.0
0
8
1
4
2.0
0
0
0
0
0.0
0
9.908490756060928e-5
-0.4955201148986816
0.2316354960203171
0
0.0
0
0.0
0
17
12
3
-1.0
0
17
6
3
2.0
0
0
0
0
0.0
0
-0.1630426049232483
0.8080707788467407
-0.1450313925743103
0
0.0
0
0.0
4
0
2
3
-1.0
4
1
2
1
3.0
0
0
0
0
0.0
0
0.009948931634426117
-0.1380456984043121
0.6089798808097839
0
0.0
0
0.0
5
12
6
8
-1.0
5
14
6
4
2.0
0
0
0
0
0.0
0
0.07670143246650696
0.03777262941002846
-0.5344728231430054
0
0.0
0
0.0
3
11
4
9
-1.0
3
14
4
3
3.0
0
0
0
0
0.0
0
0.04730994999408722
-0.3619163036346436
0.2826977968215942
0
0.0
0
0.0
2
0
10
16
-1.0
2
8
10
8
2.0
0
0
0
0
0.0
0
-0.0220224391669035
-0.52068692445755
0.09496870636940002
0
0.0
0
0.0
5
15
3
2
-1.0
5
15
3
1
2.0
0
0
0
0
0.0
1
0.0139800701290369
0.1121758967638016
-0.682780921459198
0
0.0
0
0.0
8
15
4
1
-1.0
9
16
2
1
2.0
0
0
0
0
0.0
1
-0.0669611319899559
0.8773078918457031
-0.02784417942166328
0
0.0
0
0.0
4
15
1
4
-1.0
3
16
1
2
2.0
0
0
0
0
0.0
1
0.001159260049462318
-0.3466163873672485
0.204981192946434
0
0.0
0
0.0
6
14
3
3
-1.0
7
15
1
3
3.0
0
0
0
0
0.0
1
0.01964038051664829
-0.1260818988084793
0.2879179120063782
0
0.0
0
0.0
6
14
3
3
-1.0
5
15
3
1
3.0
0
0
0
0
0.0
1
-0.01050794962793589
-0.6125305891036987
0.124889999628067
0
0.0
0
0.0
3
6
8
2
-1.0
5
6
4
2
2.0
0
0
0
0
0.0
0
0.01797674037516117
-0.1299173980951309
0.1423577964305878
0
0.0
0
0.0
3
2
6
17
-1.0
5
2
2
17
3.0
0
0
0
0
0.0
0
-0.03159737959504128
0.3332678973674774
-0.2477412968873978
0
0.0
0
0.0
11
0
1
2
-1.0
11
1
1
1
2.0
0
0
0
0
0.0
0
-0.001891785999760032
-0.5308790802955627
0.08892816305160522
0
0.0
0
0.0
6
14
4
2
-1.0
6
14
4
1
2.0
0
0
0
0
0.0
1
-0.01745340041816235
-0.6460452079772949
0.1108637973666191
0
0.0
0
0.0
3
0
8
1
-1.0
3
0
4
1
2.0
0
0
0
0
0.0
0
0.01061949040740728
0.01419034972786903
-0.216500997543335
0
0.0
0
0.0
0
0
1
2
-1.0
0
1
1
1
2.0
0
0
0
0
0.0
0
-0.0011998750269413
-0.6402335166931152
0.1054316014051437
0
0.0
0
0.0
6
4
3
3
-1.0
7
5
1
3
3.0
0
0
0
0
0.0
1
0.009005662053823471
0.06644284725189209
-0.3850638866424561
0
0.0
0
0.0
6
4
3
3
-1.0
5
5
3
1
3.0
0
0
0
0
0.0
1
-0.03136581182479858
0.4901976883411407
-0.133408397436142
0
0.0
0
0.0
8
0
4
2
-1.0
10
0
2
1
2.0
8
1
2
1
2.0
0
0.008814666420221329
-0.07580552250146866
0.5114222764968872
0
0.0
0
0.0
0
0
4
2
-1.0
0
0
2
1
2.0
2
1
2
1
2.0
0
-0.002443206030875444
-0.5349457859992981
0.1318663954734802
0
0.0
0
0.0
7
5
3
3
-1.0
8
6
1
3
3.0
0
0
0
0
0.0
1
0.033595509827137
0.01882934011518955
-0.8761690258979797
0
0.0
0
0.0
-1.558804988861084
2
5
8
14
-1.0
2
5
4
7
2.0
6
12
4
7
2.0
0
-0.1990102976560593
0.4158923923969269
-0.4640381038188934
0
0.0
0
0.0
7
7
4
1
-1.0
7
7
2
1
2.0
0
0
0
0
0.0
0
0.001095772953704
-0.2742815017700195
0.2199200987815857
0
0.0
0
0.0
5
0
1
3
-1.0
5
1
1
1
3.0
0
0
0
0
0.0
0
0.003578305011615157
-0.2544927000999451
0.5431678891181946
0
0.0
0
0.0
8
6
4
1
-1.0
8
6
2
1
2.0
0
0
0
0
0.0
1
0.03556982055306435
0.04295168817043304
-0.6658834218978882
0
0.0
0
0.0
4
6
1
4
-1.0
4
6
1
2
2.0
0
0
0
0
0.0
1
-0.003840353107079864
0.1970342993736267
-0.5458620190620422
0
0.0
0
0.0
3
1
7
9
-1.0
3
4
7
3
3.0
0
0
0
0
0.0
0
0.003969082143157721
-0.5155441164970398
0.2236043959856033
0
0.0
0
0.0
3
9
6
3
-1.0
3
9
3
3
2.0
0
0
0
0
0.0
1
0.007496547885239124
0.1537149995565414
-0.6153525114059448
0
0.0
0
0.0
2
18
10
2
-1.0
7
18
5
1
2.0
2
19
5
1
2.0
0
-0.008970409631729126
0.1835590004920959
-0.2842988073825836
0
0.0
0
0.0
6
13
6
1
-1.0
6
13
3
1
2.0
0
0
0
0
0.0
1
-0.05608006939291954
0.7775508761405945
-0.09835944324731827
0
0.0
0
0.0
8
5
2
3
-1.0
8
5
1
3
2.0
0
0
0
0
0.0
1
0.01090820971876383
0.06348466873168945
-0.6979125738143921
0
0.0
0
0.0
4
5
3
2
-1.0
4
5
3
1
2.0
0
0
0
0
0.0
1
-0.009893067181110382
0.4072631895542145
-0.2578180134296417
0
0.0
0
0.0
0
14
12
5
-1.0
0
14
6
5
2.0
0
0
0
0
0.0
0
0.1867883056402206
-0.270865797996521
0.3614755868911743
0
0.0
0
0.0
1
0
8
2
-1.0
5
0
4
2
2.0
0
0
0
0
0.0
0
-0.0009437315748073161
-0.5811880826950073
0.1526619046926498
0
0.0
0
0.0
6
16
2
2
-1.0
6
16
1
2
2.0
0
0
0
0
0.0
1
-0.02682301960885525
0.7303948998451233
-0.05718345940113068
0
0.0
0
0.0
6
16
2
2
-1.0
6
16
2
1
2.0
0
0
0
0
0.0
1
-0.00842667743563652
-0.6974021792411804
0.1178319975733757
0
0.0
0
0.0
6
9
1
6
-1.0
4
11
1
2
3.0
0
0
0
0
0.0
1
0.04473203048110008
-0.00669016083702445
-0.3955169022083282
0
0.0
0
0.0
6
9
6
1
-1.0
8
11
2
1
3.0
0
0
0
0
0.0
1
0.01984675973653793
-0.2549130916595459
0.2695921957492828
0
0.0
0
0.0
10
17
1
3
-1.0
10
18
1
1
3.0
0
0
0
0
0.0
0
-0.001146608032286167
-0.4778470993041992
0.1414763927459717
0
0.0
0
0.0
1
17
1
3
-1.0
1
18
1
1
3.0
0
0
0
0
0.0
0
0.0009863174054771662
-0.2978250980377197
0.2198988050222397
0
0.0
0
0.0
11
2
1
18
-1.0
11
8
1
6
3.0
0
0
0
0
0.0
0
-0.1352608054876328
0.7364100217819214
-0.0366797111928463
0
0.0
0
0.0
0
0
1
20
-1.0
0
5
1
10
2.0
0
0
0
0
0.0
0
-0.001455588964745402
-0.497419685125351
0.1435112953186035
0
0.0
0
0.0
4
0
6
2
-1.0
7
0
3
1
2.0
4
1
3
1
2.0
0
-0.01343918032944202
0.443070113658905
-0.06150475144386292
0
0.0
0
0.0
0
5
2
3
-1.0
0
6
2
1
3.0
0
0
0
0
0.0
0
0.005853561218827963
0.08627282083034515
-0.6957247853279114
0
0.0
0
0.0
8
0
2
1
-1.0
8
0
1
1
2.0
0
0
0
0
0.0
1
-0.003672821912914515
-0.2400998026132584
0.07235991209745407
0
0.0
0
0.0
2
3
4
2
-1.0
3
4
2
2
2.0
0
0
0
0
0.0
1
0.002810406032949686
-0.2840540111064911
0.2064398974180222
0
0.0
0
0.0
-1.519863963127136
6
5
2
2
-1.0
6
5
2
1
2.0
0
0
0
0
0.0
1
0.01637401059269905
-0.370896190404892
0.5073719024658203
0
0.0
0
0.0
0
12
12
5
-1.0
3
12
6
5
2.0
0
0
0
0
0.0
0
0.09418705850839615
-0.31576469540596
0.4086248874664307
0
0.0
0
0.0
0
18
10
2
-1.0
0
18
5
1
2.0
5
19
5
1
2.0
0
0.01177358999848366
-0.3506450057029724
0.312177985906601
0
0.0
0
0.0
3
3
8
13
-1.0
5
3
4
13
2.0
0
0
0
0
0.0
0
0.1092234030365944
-0.1224706023931503
0.2568312883377075
0
0.0
0
0.0
1
3
8
13
-1.0
3
3
4
13
2.0
0
0
0
0
0.0
0
-0.006665315013378859
0.2308371961116791
-0.4813573956489563
0
0.0
0
0.0
11
0
1
4
-1.0
11
0
1
2
2.0
0
0
0
0
0.0
1
-0.004509575199335814
0.1660145968198776
-0.1291736960411072
0
0.0
0
0.0
0
1
10
2
-1.0
0
1
5
1
2.0
5
2
5
1
2.0
0
-0.01113658957183361
0.3868792057037354
-0.2261811047792435
0
0.0
0
0.0
4
11
8
5
-1.0
4
11
4
5
2.0
0
0
0
0
0.0
0
-0.1510197073221207
0.7840741872787476
-0.05670538917183876
0
0.0
0
0.0
0
0
1
14
-1.0
0
7
1
7
2.0
0
0
0
0
0.0
0
0.03584244102239609
-0.3335340917110443
0.2688420116901398
0
0.0
0
0.0
8
10
4
6
-1.0
6
12
4
2
3.0
0
0
0
0
0.0
1
0.06023779883980751
0.06677704304456711
-0.5839710235595703
0
0.0
0
0.0
4
10
6
4
-1.0
6
12
2
4
3.0
0
0
0
0
0.0
1
0.0689026266336441
-0.3293013870716095
0.231720507144928
0
0.0
0
0.0
0
17
12
2
-1.0
0
17
6
2
2.0
0
0
0
0
0.0
0
-0.1197711005806923
0.7271667718887329
-0.1052538007497787
0
0.0
0
0.0
5
6
3
3
-1.0
4
7
3
1
3.0
0
0
0
0
0.0
1
0.01893674023449421
-0.1343145072460175
0.562038779258728
0
0.0
0
0.0
6
9
6
4
-1.0
6
9
3
4
2.0
0
0
0
0
0.0
1
0.08380819857120514
-0.04955784976482391
0.1045064032077789
0
0.0
0
0.0
6
9
4
6
-1.0
6
9
4
3
2.0
0
0
0
0
0.0
1
0.03390226885676384
0.09909427911043167
-0.76239812374115
0
0.0
0
0.0
10
0
2
1
-1.0
10
0
1
1
2.0
0
0
0
0
0.0
1
-0.008100712671875954
-0.4355584979057312
0.02230465970933437
0
0.0
0
0.0
2
0
1
2
-1.0
2
0
1
1
2.0
0
0
0
0
0.0
1
0.002497416920959949
0.09371461719274521
-0.6837660074234009
0
0.0
0
0.0
8
9
3
2
-1.0
9
9
1
2
3.0
0
0
0
0
0.0
0
0.01042655017226934
-0.1130776032805443
0.4395163059234619
0
0.0
0
0.0
0
0
2
4
-1.0
1
0
1
4
2.0
0
0
0
0
0.0
0
-0.002491981023922563
-0.4910931885242462
0.1239930987358093
0
0.0
0
0.0
8
9
3
2
-1.0
9
9
1
2
3.0
0
0
0
0
0.0
0
-0.004461452830582857
0.3428550958633423
-0.1328898072242737
0
0.0
0
0.0
1
9
3
2
-1.0
2
9
1
2
3.0
0
0
0
0
0.0
0
-0.0069255861453712
0.4067417979240417
-0.147471696138382
0
0.0
0
0.0
8
1
4
1
-1.0
9
2
2
1
2.0
0
0
0
0
0.0
1
0.01474781986325979
-0.01792101003229618
0.1592705994844437
0
0.0
0
0.0
4
1
1
4
-1.0
3
2
1
2
2.0
0
0
0
0
0.0
1
0.009820070117712021
0.086944580078125
-0.6722012162208557
0
0.0
0
0.0
-1.2744859457016
0
2
12
4
-1.0
0
4
12
2
2.0
0
0
0
0
0.0
0
0.03034598007798195
-0.568139910697937
0.2757175862789154
0
0.0
0
0.0
8
9
3
8
-1.0
6
11
3
4
2.0
0
0
0
0
0.0
1
-0.04538568109273911
-0.565683901309967
0.04244627058506012
0
0.0
0
0.0
2
6
8
14
-1.0
2
6
4
7
2.0
6
13
4
7
2.0
0
-0.2400667071342468
0.3916212916374207
-0.3037833869457245
0
0.0
0
0.0
11
18
1
2
-1.0
11
19
1
1
2.0
0
0
0
0
0.0
0
-0.001081760041415691
-0.7032994031906128
0.1162609979510307
0
0.0
0
0.0
0
18
2
2
-1.0
0
19
2
1
2.0
0
0
0
0
0.0
0
-0.001606042962521315
0.2238849997520447
-0.4855704009532928
0
0.0
0
0.0
6
3
6
3
-1.0
8
5
2
3
3.0
0
0
0
0
0.0
1
-0.1057024002075195
-0.7488917112350464
0.02899223007261753
0
0.0
0
0.0
4
6
4
4
-1.0
4
7
4
2
2.0
0
0
0
0
0.0
0
-0.00235003000125289
0.2342877984046936
-0.4264717996120453
0
0.0
0
0.0
8
0
2
3
-1.0
7
1
2
1
3.0
0
0
0
0
0.0
1
-0.06181759014725685
-0.8918902277946472
-0.0102163702249527
0
0.0
0
0.0
4
0
3
2
-1.0
5
1
1
2
3.0
0
0
0
0
0.0
1
0.005446984898298979
-0.2628147006034851
0.316779613494873
0
0.0
0
0.0
11
7
1
2
-1.0
11
8
1
1
2.0
0
0
0
0
0.0
0
-0.006760269869118929
-0.7914475202560425
0.01207219995558262
0
0.0
0
0.0
0
7
1
2
-1.0
0
8
1
1
2.0
0
0
0
0
0.0
0
7.888708205427974e-5
-0.4444381892681122
0.1988765001296997
0
0.0
0
0.0
4
0
8
8
-1.0
6
0
4
8
2.0
0
0
0
0
0.0
0
0.0648173987865448
-0.2344004064798355
0.2837283909320831
0
0.0
0
0.0
0
12
12
7
-1.0
6
12
6
7
2.0
0
0
0
0
0.0
0
0.2969050109386444
-0.1137963011860847
0.847344696521759
0
0.0
0
0.0
8
0
2
1
-1.0
8
0
1
1
2.0
0
0
0
0
0.0
1
-0.01266944967210293
-0.5379161834716797
0.05036401003599167
0
0.0
0
0.0
4
0
1
2
-1.0
4
0
1
1
2.0
0
0
0
0
0.0
1
0.003296341979876161
0.09500932693481445
-0.6929581165313721
0
0.0
0
0.0
6
10
2
6
-1.0
4
12
2
2
3.0
0
0
0
0
0.0
1
0.08194003999233246
0.006486162077635527
-0.4824216067790985
0
0.0
0
0.0
0
4
1
3
-1.0
0
5
1
1
3.0
0
0
0
0
0.0
0
0.004587484057992697
0.07426924258470535
-0.8505672812461853
0
0.0
0
0.0
9
8
3
4
-1.0
10
8
1
4
3.0
0
0
0
0
0.0
0
0.01322819013148546
-0.1814139038324356
0.554882824420929
0
0.0
0
0.0
0
6
1
2
-1.0
0
7
1
1
2.0
0
0
0
0
0.0
0
8.328063995577395e-5
-0.3534258902072906
0.1618258059024811
0
0.0
0
0.0
4
4
6
12
-1.0
4
7
6
6
2.0
0
0
0
0
0.0
0
0.09323223680257797
0.03616622090339661
-0.3956029117107391
0
0.0
0
0.0
3
16
4
4
-1.0
3
18
4
2
2.0
0
0
0
0
0.0
0
-0.01798900030553341
0.1858506053686142
-0.2999705076217651
0
0.0
0
0.0
6
3
3
6
-1.0
7
4
1
6
3.0
0
0
0
0
0.0
1
0.0855821818113327
-0.002321226056665182
-0.7570623755455017
0
0.0
0
0.0
6
3
6
3
-1.0
5
4
6
1
3.0
0
0
0
0
0.0
1
0.01487481966614723
-0.2182597070932388
0.2736656963825226
0
0.0
0
0.0
7
5
3
3
-1.0
8
6
1
3
3.0
0
0
0
0
0.0
1
0.02018436975777149
0.03511659055948257
-0.4561938047409058
0
0.0
0
0.0
5
5
3
3
-1.0
4
6
3
1
3.0
0
0
0
0
0.0
1
0.01427389029413462
-0.124787300825119
0.6106557846069336
0
0.0
0
0.0
11
0
1
6
-1.0
11
3
1
3
2.0
0
0
0
0
0.0
0
0.02694562077522278
-0.056217260658741
0.4396016001701355
0
0.0
0
0.0
0
4
6
16
-1.0
0
12
6
8
2.0
0
0
0
0
0.0
0
-0.01472225040197372
-0.7050477266311646
0.08982396870851517
0
0.0
0
0.0
11
0
1
6
-1.0
11
3
1
3
2.0
0
0
0
0
0.0
0
-0.003967623226344585
-0.2025855928659439
0.02459480985999107
0
0.0
0
0.0
6
12
6
1
-1.0
6
12
3
1
2.0
0
0
0
0
0.0
1
-0.06925515830516815
0.778620183467865
-0.08232980221509933
0
0.0
0
0.0
-1.356251955032349
0
13
12
3
-1.0
3
13
6
3
2.0
0
0
0
0
0.0
0
0.04228086024522781
-0.4332394003868103
0.3108423054218292
0
0.0
0
0.0
4
6
8
2
-1.0
6
6
4
2
2.0
0
0
0
0
0.0
0
0.03246603906154633
-0.2545734941959381
0.2845323085784912
0
0.0
0
0.0
4
2
4
2
-1.0
4
2
2
1
2.0
6
3
2
1
2.0
0
0.003920407965779305
-0.24197019636631
0.3885037899017334
0
0.0
0
0.0
10
0
2
6
-1.0
10
3
2
3
2.0
0
0
0
0
0.0
0
0.01488152984529734
-0.2022484987974167
0.2080302983522415
0
0.0
0
0.0
0
4
4
4
-1.0
0
4
2
2
2.0
2
6
2
2
2.0
0
-0.0004825805954169482
0.2064412981271744
-0.4613542854785919
0
0.0
0
0.0
10
0
2
6
-1.0
10
3
2
3
2.0
0
0
0
0
0.0
0
0.10871110111475
-0.01196814980357885
-0.8350573778152466
0
0.0
0
0.0
0
0
2
6
-1.0
0
3
2
3
2.0
0
0
0
0
0.0
0
0.0001155353020294569
-0.6218128204345703
0.1289471983909607
0
0.0
0
0.0
11
18
1
2
-1.0
11
19
1
1
2.0
0
0
0
0
0.0
0
0.001998482039198279
0.1207142025232315
-0.5186523199081421
0
0.0
0
0.0
0
18
1
2
-1.0
0
19
1
1
2.0
0
0
0
0
0.0
0
-0.000194424093933776
0.1531696021556854
-0.4668217897415161
0
0.0
0
0.0
6
13
1
6
-1.0
6
13
1
3
2.0
0
0
0
0
0.0
1
0.03469150885939598
0.05232547968626022
-0.5649377107620239
0
0.0
0
0.0
0
17
12
3
-1.0
6
17
6
3
2.0
0
0
0
0
0.0
0
0.1270886957645416
-0.1162341013550758
0.6639096736907959
0
0.0
0
0.0
0
13
12
6
-1.0
0
13
6
6
2.0
0
0
0
0
0.0
0
0.1842585057020187
-0.2941069900989532
0.2776060998439789
0
0.0
0
0.0
0
5
8
4
-1.0
0
5
4
2
2.0
4
7
4
2
2.0
0
-0.01007916964590549
0.2011017054319382
-0.3774749040603638
0
0.0
0
0.0
1
0
10
3
-1.0
1
1
10
1
3.0
0
0
0
0
0.0
0
0.02321130968630314
-0.1577094942331314
0.4162887930870056
0
0.0
0
0.0
0
2
12
6
-1.0
0
5
12
3
2.0
0
0
0
0
0.0
0
-0.008583773858845234
-0.642973005771637
0.09106440097093582
0
0.0
0
0.0
5
0
5
18
-1.0
5
6
5
6
3.0
0
0
0
0
0.0
0
0.3010512888431549
0.01855437085032463
-0.3601439893245697
0
0.0
0
0.0
0
0
9
9
-1.0
3
0
3
9
3.0
0
0
0
0
0.0
0
0.005546863190829754
0.114595502614975
-0.5081899762153625
0
0.0
0
0.0
11
6
1
3
-1.0
11
7
1
1
3.0
0
0
0
0
0.0
0
-0.00326148490421474
-0.6506885886192322
0.07176191359758377
0
0.0
0
0.0
2
12
4
2
-1.0
2
12
2
2
2.0
0
0
0
0
0.0
1
-0.002148211933672428
0.1316940039396286
-0.3783746957778931
0
0.0
0
0.0
11
6
1
3
-1.0
11
7
1
1
3.0
0
0
0
0
0.0
0
0.004277084022760391
0.04925885051488876
-0.5831698775291443
0
0.0
0
0.0
1
10
3
1
-1.0
2
10
1
1
3.0
0
0
0
0
0.0
0
-0.002888432005420327
0.3144570887088776
-0.1660235971212387
0
0.0
0
0.0
9
14
3
4
-1.0
9
16
3
2
2.0
0
0
0
0
0.0
0
-0.0479581207036972
-0.7259020209312439
0.01594853028655052
0
0.0
0
0.0
0
14
3
4
-1.0
0
16
3
2
2.0
0
0
0
0
0.0
0
0.02632470987737179
0.0741112008690834
-0.6673339009284973
0
0.0
0
0.0
7
5
3
3
-1.0
8
6
1
3
3.0
0
0
0
0
0.0
1
0.01368833985179663
0.04724425822496414
-0.3205927908420563
0
0.0
0
0.0
5
5
3
3
-1.0
4
6
3
1
3.0
0
0
0
0
0.0
1
0.01557760033756495
-0.09664467722177505
0.5079439878463745
0
0.0
0
0.0
11
6
1
3
-1.0
11
7
1
1
3.0
0
0
0
0
0.0
0
-0.008422704413533211
-0.9923874735832214
0.02027083002030849
0
0.0
0
0.0
0
6
1
3
-1.0
0
7
1
1
3.0
0
0
0
0
0.0
0
0.003886193968355656
0.07385604828596115
-0.671883225440979
0
0.0
0
0.0
3
6
6
8
-1.0
3
10
6
4
2.0
0
0
0
0
0.0
0
-0.03359812125563622
-0.7344524264335632
0.05708087980747223
0
0.0
0
0.0
6
4
4
3
-1.0
5
5
4
1
3.0
0
0
0
0
0.0
1
0.0172516293823719
-0.1360765993595123
0.4295113980770111
0
0.0
0
0.0
8
5
3
4
-1.0
9
6
1
4
3.0
0
0
0
0
0.0
1
-0.03171581029891968
-0.7440088987350464
0.03365160897374153
0
0.0
0
0.0
4
5
4
3
-1.0
3
6
4
1
3.0
0
0
0
0
0.0
1
0.01018704008311033
-0.1651238054037094
0.3516207039356232
0
0.0
0
0.0
7
0
3
1
-1.0
8
1
1
1
3.0
0
0
0
0
0.0
1
0.003706085029989481
0.06845259666442871
-0.187372699379921
0
0.0
0
0.0
3
0
2
3
-1.0
2
1
2
1
3.0
0
0
0
0
0.0
1
-0.009556402452290058
-0.5805310010910034
0.08260004222393036
0
0.0
0
0.0
6
3
6
3
-1.0
8
5
2
3
3.0
0
0
0
0
0.0
1
-0.1407348960638046
-1.0
-0.006156172137707472
0
0.0
0
0.0
-1.460930943489075
5
4
2
4
-1.0
5
5
2
2
2.0
0
0
0
0
0.0
0
0.008287286385893822
-0.3324011862277985
0.4086694121360779
0
0.0
0
0.0
3
14
6
6
-1.0
3
17
6
3
2.0
0
0
0
0
0.0
0
-0.05394396930933
0.2799031138420105
-0.3578257858753204
0
0.0
0
0.0
0
5
8
12
-1.0
2
5
4
12
2.0
0
0
0
0
0.0
0
-0.011539819650352
0.2135858982801437
-0.45100399851799
0
0.0
0
0.0
11
0
1
4
-1.0
11
0
1
2
2.0
0
0
0
0
0.0
1
-0.01574555970728397
0.2147188931703568
-0.09917517006397247
0
0.0
0
0.0
1
0
4
1
-1.0
1
0
2
1
2.0
0
0
0
0
0.0
1
-0.001352782943286002
0.1511954963207245
-0.5267421007156372
0
0.0
0
0.0
4
18
6
2
-1.0
7
18
3
1
2.0
4
19
3
1
2.0
0
-0.01146821025758982
0.1352346986532211
-0.03728605061769485
0
0.0
0
0.0
0
18
8
2
-1.0
0
18
4
1
2.0
4
19
4
1
2.0
0
0.008553590625524521
-0.257308691740036
0.2469355016946793
0
0.0
0
0.0
4
0
8
8
-1.0
6
0
4
8
2.0
0
0
0
0
0.0
0
0.05626631900668144
-0.2157184928655624
0.1873497068881989
0
0.0
0
0.0
0
0
2
1
-1.0
1
0
1
1
2.0
0
0
0
0
0.0
0
0.002034930046647787
0.08939529955387115
-0.6248496770858765
0
0.0
0
0.0
10
0
2
1
-1.0
10
0
1
1
2.0
0
0
0
0
0.0
0
-0.001092083984985948
-0.32366481423378
0.06905490159988403
0
0.0
0
0.0
6
13
6
1
-1.0
6
13
3
1
2.0
0
0
0
0
0.0
1
-0.05159705877304077
0.6138396859169006
-0.09539634734392166
0
0.0
0
0.0
0
13
12
1
-1.0
3
13
6
1
2.0
0
0
0
0
0.0
0
0.01743396930396557
-0.2572964131832123
0.25275719165802
0
0.0
0
0.0
0
11
8
5
-1.0
4
11
4
5
2.0
0
0
0
0
0.0
0
0.07681964337825775
0.08749242871999741
-0.6738250255584717
0
0.0
0
0.0
8
6
4
14
-1.0
10
6
2
7
2.0
8
13
2
7
2.0
0
0.08064895868301392
-0.05700064823031425
0.4277192950248718
0
0.0
0
0.0
0
6
4
14
-1.0
0
6
2
7
2.0
2
13
2
7
2.0
0
0.007036063820123672
-0.4287084937095642
0.1457439959049225
0
0.0
0
0.0
4
3
8
2
-1.0
4
4
8
1
2.0
0
0
0
0
0.0
0
0.0004948715795762837
-0.4486775994300842
0.08795229345560074
0
0.0
0
0.0
0
0
2
1
-1.0
1
0
1
1
2.0
0
0
0
0
0.0
0
-0.002031991956755519
-0.6937847137451172
0.07909096032381058
0
0.0
0
0.0
1
0
10
3
-1.0
1
1
10
1
3.0
0
0
0
0
0.0
0
0.01598691940307617
-0.1817727982997894
0.3354434967041016
0
0.0
0
0.0
0
18
3
2
-1.0
1
18
1
2
3.0
0
0
0
0
0.0
0
0.000100314398878254
-0.2803615927696228
0.1893966943025589
0
0.0
0
0.0
0
4
12
12
-1.0
0
8
12
4
3.0
0
0
0
0
0.0
0
-0.2066487073898315
-0.7000442147254944
0.06291557103395462
0
0.0
0
0.0
0
6
6
14
-1.0
0
13
6
7
2.0
0
0
0
0
0.0
0
0.00109395501203835
-0.5612277984619141
0.07911715656518936
0
0.0
0
0.0
8
0
3
1
-1.0
9
1
1
1
3.0
0
0
0
0
0.0
1
0.01071465015411377
0.03667271137237549
-0.4817121028900146
0
0.0
0
0.0
5
7
2
3
-1.0
4
8
2
1
3.0
0
0
0
0
0.0
1
0.0129934698343277
-0.1308960020542145
0.3284437954425812
0
0.0
0
0.0
11
3
1
3
-1.0
11
4
1
1
3.0
0
0
0
0
0.0
0
0.00542683620005846
0.0468861497938633
-0.5811548829078674
0
0.0
0
0.0
2
1
3
2
-1.0
2
1
3
1
2.0
0
0
0
0
0.0
1
0.01071873959153891
0.05929769948124886
-0.6685680747032166
0
0.0
0
0.0
11
3
1
3
-1.0
11
4
1
1
3.0
0
0
0
0
0.0
0
-0.003128522075712681
-0.3585774004459381
0.02813470922410488
0
0.0
0
0.0
3
17
1
2
-1.0
3
17
1
1
2.0
0
0
0
0
0.0
1
0.0005235704011283815
-0.341985285282135
0.1219993978738785
0
0.0
0
0.0
11
3
1
3
-1.0
11
4
1
1
3.0
0
0
0
0
0.0
0
0.01064439956098795
0.003980308771133423
-0.6970592737197876
0
0.0
0
0.0
6
6
2
3
-1.0
5
7
2
1
3.0
0
0
0
0
0.0
1
0.01590177044272423
-0.07680928707122803
0.5295392870903015
0
0.0
0
0.0
11
3
1
3
-1.0
11
4
1
1
3.0
0
0
0
0
0.0
0
-0.01039536017924547
-0.6449108123779297
0.01078160014003515
0
0.0
0
0.0
0
3
1
3
-1.0
0
4
1
1
3.0
0
0
0
0
0.0
0
0.003713132115080953
0.06697999686002731
-0.621112585067749
0
0.0
0
0.0
6
4
3
2
-1.0
7
5
1
2
3.0
0
0
0
0
0.0
1
0.02317457087337971
0.01673267967998981
-0.4588811993598938
0
0.0
0
0.0
6
4
2
3
-1.0
5
5
2
1
3.0
0
0
0
0
0.0
1
0.01114657986909151
-0.1163849979639053
0.4300290942192078
0
0.0
0
0.0
11
8
1
4
-1.0
11
9
1
2
2.0
0
0
0
0
0.0
0
0.0127154802903533
0.01651792973279953
-0.6679505705833435
0
0.0
0
0.0
6
2
4
6
-1.0
4
4
4
2
3.0
0
0
0
0
0.0
1
-0.01265340019017458
0.1136510968208313
-0.3703599870204926
0
0.0
0
0.0
5
17
6
2
-1.0
8
17
3
1
2.0
5
18
3
1
2.0
0
-0.007113988045603037
0.1746820956468582
-0.1276943981647491
0
0.0
0
0.0
3
0
6
2
-1.0
3
0
3
1
2.0
6
1
3
1
2.0
0
-0.01370329037308693
0.4233045876026154
-0.09544839709997177
0
0.0
0
0.0
11
3
1
2
-1.0
11
4
1
1
2.0
0
0
0
0
0.0
0
0.007588842883706093
-0.008719257079064846
0.3030765950679779
0
0.0
0
0.0
0
3
1
2
-1.0
0
4
1
1
2.0
0
0
0
0
0.0
0
-0.0005771145224571228
-0.5037559866905212
0.09018868207931519
0
0.0
0
0.0
10
4
2
4
-1.0
10
5
2
2
2.0
0
0
0
0
0.0
0
-0.006139167118817568
-0.6066359281539917
0.04658976942300797
0
0.0
0
0.0
0
8
1
4
-1.0
0
9
1
2
2.0
0
0
0
0
0.0
0
9.4300412456505e-5
-0.2655979096889496
0.1503010988235474
0
0.0
0
0.0
0
13
12
5
-1.0
0
13
6
5
2.0
0
0
0
0
0.0
0
-0.2439942955970764
0.6406038999557495
-0.06889773905277252
0
0.0
0
0.0
1
9
10
10
-1.0
1
9
5
5
2.0
6
14
5
5
2.0
0
-0.128232404589653
0.2119089961051941
-0.2734113931655884
0
0.0
0
0.0
-1.484359979629517
1
1
6
2
-1.0
1
1
3
1
2.0
4
2
3
1
2.0
0
-0.00986975897103548
0.4880797863006592
-0.2658947110176086
0
0.0
0
0.0
7
4
3
5
-1.0
8
5
1
5
3.0
0
0
0
0
0.0
1
0.0331319198012352
0.03259750083088875
-0.6329525113105774
0
0.0
0
0.0
6
3
6
1
-1.0
8
5
2
1
3.0
0
0
0
0
0.0
1
0.01751179993152618
-0.3547325134277344
0.2801114916801453
0
0.0
0
0.0
11
4
1
12
-1.0
11
8
1
4
3.0
0
0
0
0
0.0
0
-0.07388550043106079
0.4737817049026489
-0.01129253022372723
0
0.0
0
0.0
0
4
1
12
-1.0
0
8
1
4
3.0
0
0
0
0
0.0
0
0.001821276033297181
-0.4617961049079895
0.1426614969968796
0
0.0
0
0.0
8
8
4
8
-1.0
6
10
4
4
2.0
0
0
0
0
0.0
1
-0.08536060154438019
-0.6675466895103455
0.0751325786113739
0
0.0
0
0.0
1
7
10
12
-1.0
1
7
5
6
2.0
6
13
5
6
2.0
0
-0.2753979861736298
0.3814795911312103
-0.2366514056921005
0
0.0
0
0.0
6
3
6
6
-1.0
8
5
2
6
3.0
0
0
0
0
0.0
1
0.03069997020065784
0.05169197916984558
-0.2428673058748245
0
0.0
0
0.0
3
6
4
4
-1.0
3
6
2
2
2.0
5
8
2
2
2.0
0
-0.009633298963308334
0.3307231068611145
-0.2081819027662277
0
0.0
0
0.0
10
2
2
2
-1.0
10
3
2
1
2.0
0
0
0
0
0.0
0
0.01633024029433727
3.411814032006077e-5
-0.8096023797988892
0
0.0
0
0.0
0
2
2
2
-1.0
0
3
2
1
2.0
0
0
0
0
0.0
0
8.613322279416025e-5
-0.3773066103458405
0.1394727975130081
0
0.0
0
0.0
8
17
2
1
-1.0
8
17
1
1
2.0
0
0
0
0
0.0
1
-0.0307605192065239
0.676115870475769
-0.01466577034443617
0
0.0
0
0.0
0
8
3
3
-1.0
1
8
1
3
3.0
0
0
0
0
0.0
0
0.006871778052300215
-0.1667706072330475
0.3084003031253815
0
0.0
0
0.0
5
14
3
6
-1.0
6
14
1
6
3.0
0
0
0
0
0.0
0
0.01769625023007393
0.03846877068281174
-0.5912802815437317
0
0.0
0
0.0
4
14
3
5
-1.0
5
14
1
5
3.0
0
0
0
0
0.0
0
0.01445765979588032
0.07118037343025208
-0.6878874897956848
0
0.0
0
0.0
10
0
2
2
-1.0
10
1
2
1
2.0
0
0
0
0
0.0
0
0.004400366917252541
-0.1710793972015381
0.333341509103775
0
0.0
0
0.0
0
0
2
2
-1.0
0
1
2
1
2.0
0
0
0
0
0.0
0
-0.001978501910343766
-0.6340215802192688
0.08524817228317261
0
0.0
0
0.0
0
12
12
7
-1.0
0
12
6
7
2.0
0
0
0
0
0.0
0
-0.3550677895545959
0.6916341185569763
-0.08776378631591797
0
0.0
0
0.0
6
14
3
2
-1.0
7
15
1
2
3.0
0
0
0
0
0.0
1
0.01259677018970251
-0.2011637985706329
0.3404094874858856
0
0.0
0
0.0
11
16
1
4
-1.0
11
18
1
2
2.0
0
0
0
0
0.0
0
-0.002392604015767574
-0.6252565979957581
0.1106017008423805
0
0.0
0
0.0
0
16
1
4
-1.0
0
18
1
2
2.0
0
0
0
0
0.0
0
-8.76728372531943e-5
0.1400285065174103
-0.3910310864448547
0
0.0
0
0.0
4
2
6
4
-1.0
4
4
6
2
2.0
0
0
0
0
0.0
0
0.005452406127005816
-0.3105280995368958
0.06375767290592194
0
0.0
0
0.0
5
6
3
3
-1.0
4
7
3
1
3.0
0
0
0
0
0.0
1
0.0125682195648551
-0.1367551982402802
0.3268055021762848
0
0.0
0
0.0
8
0
4
20
-1.0
8
10
4
10
2.0
0
0
0
0
0.0
0
0.3784335851669312
-0.03736469149589539
0.3778930902481079
0
0.0
0
0.0
3
11
2
3
-1.0
3
12
2
1
3.0
0
0
0
0
0.0
0
-0.003360179020091891
0.2960506975650787
-0.1520673930644989
0
0.0
0
0.0
8
0
4
20
-1.0
8
10
4
10
2.0
0
0
0
0
0.0
0
-0.4318538010120392
-0.6802976131439209
0.01274530962109566
0
0.0
0
0.0
0
0
4
20
-1.0
0
10
4
10
2.0
0
0
0
0
0.0
0
0.007347961887717247
-0.6670752763748169
0.06792684644460678
0
0.0
0
0.0
7
5
3
3
-1.0
6
6
3
1
3.0
0
0
0
0
0.0
1
0.007594390772283077
-0.1111280024051666
0.2246229946613312
0
0.0
0
0.0
5
5
3
3
-1.0
6
6
1
3
3.0
0
0
0
0
0.0
1
-7.358929724432528e-5
0.139887198805809
-0.3422032892704
0
0.0
0
0.0
7
0
3
1
-1.0
8
1
1
1
3.0
0
0
0
0
0.0
1
-0.0001030416970024817
0.08201847225427628
-0.1047687008976936
0
0.0
0
0.0
5
0
1
3
-1.0
4
1
1
1
3.0
0
0
0
0
0.0
1
-0.005462429020553827
-0.512642502784729
0.09209506213665009
0
0.0
0
0.0
0
9
12
3
-1.0
0
10
12
1
3.0
0
0
0
0
0.0
0
0.01966322958469391
0.06193599104881287
-0.6164882183074951
0
0.0
0
0.0
0
0
8
1
-1.0
2
0
4
1
2.0
0
0
0
0
0.0
0
-0.0001105560004361905
0.143087700009346
-0.2744705975055695
0
0.0
0
0.0
7
13
4
2
-1.0
9
13
2
1
2.0
7
14
2
1
2.0
0
0.003873741952702403
-0.106902003288269
0.2065722048282623
0
0.0
0
0.0
1
13
4
2
-1.0
1
13
2
1
2.0
3
14
2
1
2.0
0
-0.004513123072683811
0.3434166014194489
-0.1231734976172447
0
0.0
0
0.0
6
3
6
6
-1.0
8
5
2
6
3.0
0
0
0
0
0.0
1
-0.06159466877579689
0.09362374246120453
-0.04576551914215088
0
0.0
0
0.0
2
9
2
1
-1.0
3
9
1
1
2.0
0
0
0
0
0.0
0
0.001214297953993082
-0.1305885016918182
0.3069191873073578
0
0.0
0
0.0
6
3
6
6
-1.0
8
5
2
6
3.0
0
0
0
0
0.0
1
0.131687194108963
0.01134867034852505
-0.3606252074241638
0
0.0
0
0.0
6
3
3
6
-1.0
4
5
3
2
3.0
0
0
0
0
0.0
1
-0.009896257892251015
0.09726853668689728
-0.4547022879123688
0
0.0
0
0.0
10
6
2
3
-1.0
10
7
2
1
3.0
0
0
0
0
0.0
0
-0.004382234066724777
-0.6901456713676453
0.07100809365510941
0
0.0
0
0.0
6
3
4
3
-1.0
5
4
4
1
3.0
0
0
0
0
0.0
1
-0.02443359047174454
0.5011280179023743
-0.09840872883796692
0
0.0
0
0.0
7
0
3
1
-1.0
8
1
1
1
3.0
0
0
0
0
0.0
1
-0.0086958734318614
-0.1400644034147263
0.03684566915035248
0
0.0
0
0.0
-1.422562003135681
6
5
1
3
-1.0
5
6
1
1
3.0
0
0
0
0
0.0
1
-0.01715275086462498
0.4702971875667572
-0.2206708937883377
0
0.0
0
0.0
8
9
3
8
-1.0
6
11
3
4
2.0
0
0
0
0
0.0
1
0.08304093778133392
0.05511363968253136
-0.5548840761184692
0
0.0
0
0.0
4
9
8
3
-1.0
6
11
4
3
2.0
0
0
0
0
0.0
1
0.1224505975842476
-0.2831259071826935
0.349730908870697
0
0.0
0
0.0
6
0
1
3
-1.0
6
1
1
1
3.0
0
0
0
0
0.0
0
0.007349653169512749
-0.1328213065862656
0.4887660145759583
0
0.0
0
0.0
4
0
4
2
-1.0
4
0
2
1
2.0
6
1
2
1
2.0
0
-0.009308287873864174
0.4547593891620636
-0.1419474929571152
0
0.0
0
0.0
0
10
12
2
-1.0
0
11
12
1
2.0
0
0
0
0
0.0
0
0.01729042083024979
0.09847074002027512
-0.6815596222877502
0
0.0
0
0.0
0
11
8
5
-1.0
4
11
4
5
2.0
0
0
0
0
0.0
0
0.06802768260240555
0.1228775978088379
-0.5808554291725159
0
0.0
0
0.0
7
0
4
2
-1.0
7
0
2
2
2.0
0
0
0
0
0.0
0
-0.002571010962128639
-0.2893292903900146
0.09232742339372635
0
0.0
0
0.0
2
2
7
8
-1.0
2
4
7
4
2.0
0
0
0
0
0.0
0
-0.002719779033213854
-0.4827778041362762
0.1294226050376892
0
0.0
0
0.0
7
0
4
2
-1.0
7
0
2
2
2.0
0
0
0
0
0.0
0
0.03616883978247643
-0.03322596102952957
0.2899448871612549
0
0.0
0
0.0
1
0
4
2
-1.0
3
0
2
2
2.0
0
0
0
0
0.0
0
-0.004570441786199808
-0.5980579257011414
0.1044685021042824
0
0.0
0
0.0
9
17
3
3
-1.0
9
18
3
1
3.0
0
0
0
0
0.0
0
0.003756837919354439
0.124888502061367
-0.5708485245704651
0
0.0
0
0.0
0
17
3
3
-1.0
0
18
3
1
3.0
0
0
0
0
0.0
0
0.003005403093993664
-0.3269304037094116
0.1975266933441162
0
0.0
0
0.0
0
18
12
2
-1.0
0
18
6
2
2.0
0
0
0
0
0.0
0
-0.1032271012663841
0.596892774105072
-0.09962674975395203
0
0.0
0
0.0
0
11
12
5
-1.0
3
11
6
5
2.0
0
0
0
0
0.0
0
0.08558455109596252
-0.2359514981508255
0.2776941061019897
0
0.0
0
0.0
8
7
4
1
-1.0
8
7
2
1
2.0
0
0
0
0
0.0
1
-0.01762882061302662
0.2330023050308228
-0.03809446096420288
0
0.0
0
0.0
4
7
1
4
-1.0
4
7
1
2
2.0
0
0
0
0
0.0
1
-0.007325931917876005
0.1553380042314529
-0.3428983092308044
0
0.0
0
0.0
4
0
6
7
-1.0
6
0
2
7
3.0
0
0
0
0
0.0
0
0.166439101099968
0.000135930604301393
-0.606280505657196
0
0.0
0
0.0
2
0
6
7
-1.0
4
0
2
7
3.0
0
0
0
0
0.0
0
0.01304192002862692
0.1087682992219925
-0.4726563096046448
0
0.0
0
0.0
0
16
12
3
-1.0
0
17
12
1
3.0
0
0
0
0
0.0
0
-0.01359761971980333
-0.5828058123588562
0.07269863784313202
0
0.0
0
0.0
4
17
4
2
-1.0
4
17
2
1
2.0
6
18
2
1
2.0
0
0.006822091992944479
-0.1435970962047577
0.3443475961685181
0
0.0
0
0.0
9
0
3
1
-1.0
10
0
1
1
3.0
0
0
0
0
0.0
0
-0.0001302591990679502
0.07539474219083786
-0.06753750890493393
0
0.0
0
0.0
0
0
3
1
-1.0
1
0
1
1
3.0
0
0
0
0
0.0
0
-0.002460211981087923
-0.518829882144928
0.08095604926347733
0
0.0
0
0.0
6
4
3
2
-1.0
7
5
1
2
3.0
0
0
0
0
0.0
1
-0.03253807127475739
-0.585002601146698
0.00573381781578064
0
0.0
0
0.0
3
6
3
1
-1.0
4
6
1
1
3.0
0
0
0
0
0.0
0
0.00201064208522439
-0.1064098998904228
0.40276700258255
0
0.0
0
0.0
9
2
3
7
-1.0
10
3
1
7
3.0
0
0
0
0
0.0
1
-0.04643253982067108
-0.4202370941638947
0.04206306114792824
0
0.0
0
0.0
5
5
2
2
-1.0
5
5
2
1
2.0
0
0
0
0
0.0
1
-0.0128243500366807
0.4844940900802612
-0.09436249732971191
0
0.0
0
0.0
7
5
3
4
-1.0
8
6
1
4
3.0
0
0
0
0
0.0
1
0.03412071987986565
0.02742817997932434
-0.56730318069458
0
0.0
0
0.0
5
5
4
3
-1.0
4
6
4
1
3.0
0
0
0
0
0.0
1
-0.044012650847435
0.3704735040664673
-0.1306467950344086
0
0.0
0
0.0
10
4
2
2
-1.0
10
5
2
1
2.0
0
0
0
0
0.0
0
-0.003736261045560241
-0.6171724200248718
0.04686057940125465
0
0.0
0
0.0
0
3
2
3
-1.0
0
4
2
1
3.0
0
0
0
0
0.0
0
-0.005214182194322348
-0.6532247066497803
0.053996030241251
0
0.0
0
0.0
10
4
2
2
-1.0
10
5
2
1
2.0
0
0
0
0
0.0
0
0.006492473185062408
0.04480097070336342
-0.4398742020130157
0
0.0
0
0.0
0
4
2
2
-1.0
0
5
2
1
2.0
0
0
0
0
0.0
0
-0.004238497000187635
-0.7168793082237244
0.05443036928772926
0
0.0
0
0.0
7
10
2
1
-1.0
7
10
1
1
2.0
0
0
0
0
0.0
0
-0.003180430037900805
0.2481590062379837
-0.0890081524848938
0
0.0
0
0.0
3
10
2
1
-1.0
4
10
1
1
2.0
0
0
0
0
0.0
0
0.0002927779860328883
-0.2144073992967606
0.202391505241394
0
0.0
0
0.0
5
0
2
2
-1.0
5
1
2
1
2.0
0
0
0
0
0.0
0
-0.01183843985199928
0.6822528839111328
-0.05610989034175873
0
0.0
0
0.0
5
14
4
2
-1.0
5
14
4
1
2.0
0
0
0
0
0.0
1
-0.02060496062040329
-0.6449571847915649
0.0658111572265625
0
0.0
0
0.0
-1.305119037628174
4
6
3
3
-1.0
4
7
3
1
3.0
0
0
0
0
0.0
0
-0.00572523195296526
0.3410811126232147
-0.3344123065471649
0
0.0
0
0.0
3
5
6
14
-1.0
6
5
3
7
2.0
3
12
3
7
2.0
0
0.1581404954195023
-0.2955507040023804
0.2928022146224976
0
0.0
0
0.0
3
0
3
2
-1.0
3
1
3
1
2.0
0
0
0
0
0.0
0
0.003555868985131383
-0.2848558127880096
0.2493308037519455
0
0.0
0
0.0
7
18
5
2
-1.0
7
19
5
1
2.0
0
0
0
0
0.0
0
-0.00315246800892055
-0.466726690530777
0.07612772285938263
0
0.0
0
0.0
0
18
10
2
-1.0
0
19
10
1
2.0
0
0
0
0
0.0
0
-0.01449355017393827
0.2577728927135468
-0.2436912953853607
0
0.0
0
0.0
11
2
1
15
-1.0
11
7
1
5
3.0
0
0
0
0
0.0
0
-0.06838660687208176
0.52669358253479
0.008921927772462368
0
0.0
0
0.0
0
4
1
6
-1.0
0
7
1
3
2.0
0
0
0
0
0.0
0
0.001066040946170688
-0.4978423118591309
0.116964302957058
0
0.0
0
0.0
3
2
9
8
-1.0
3
4
9
4
2.0
0
0
0
0
0.0
0
0.01620879955589771
-0.3098323941230774
0.09588658064603806
0
0.0
0
0.0
0
15
12
5
-1.0
6
15
6
5
2.0
0
0
0
0
0.0
0
0.282498687505722
-0.07371562719345093
0.6420078277587891
0
0.0
0
0.0
6
9
3
6
-1.0
4
11
3
2
3.0
0
0
0
0
0.0
1
0.08636125922203064
0.04071054980158806
-0.5055981874465942
0
0.0
0
0.0
6
9
6
3
-1.0
8
11
2
3
3.0
0
0
0
0
0.0
1
0.0514511801302433
-0.3338409960269928
0.1661403030157089
0
0.0
0
0.0
2
0
10
2
-1.0
2
0
5
2
2.0
0
0
0
0
0.0
0
-0.06903793662786484
-0.3198786079883575
0.03425529971718788
0
0.0
0
0.0
0
0
10
2
-1.0
5
0
5
2
2.0
0
0
0
0
0.0
0
-0.005656973924487829
-0.612665593624115
0.08314815908670425
0
0.0
0
0.0
6
3
6
6
-1.0
8
5
2
6
3.0
0
0
0
0
0.0
1
-0.007188674993813038
0.04238681867718697
-0.09778924286365509
0
0.0
0
0.0
6
3
6
6
-1.0
4
5
6
2
3.0
0
0
0
0
0.0
1
-0.02678059972822666
0.127353698015213
-0.3485223948955536
0
0.0
0
0.0
6
0
6
5
-1.0
6
0
3
5
2.0
0
0
0
0
0.0
1
-0.006934659089893103
0.04444386065006256
-0.2666657865047455
0
0.0
0
0.0
6
0
5
6
-1.0
6
0
5
3
2.0
0
0
0
0
0.0
1
0.1205710992217064
0.09151513874530792
-0.5510218143463135
0
0.0
0
0.0
8
8
3
2
-1.0
9
9
1
2
3.0
0
0
0
0
0.0
1
0.01057130005210638
-0.1192713975906372
0.1504354029893875
0
0.0
0
0.0
4
8
2
3
-1.0
3
9
2
1
3.0
0
0
0
0
0.0
1
-0.01444641966372728
0.3261911869049072
-0.1302193999290466
0
0.0
0
0.0
11
6
1
3
-1.0
11
7
1
1
3.0
0
0
0
0
0.0
0
0.004918897058814764
0.02431776002049446
-0.5882593989372253
0
0.0
0
0.0
0
6
1
3
-1.0
0
7
1
1
3.0
0
0
0
0
0.0
0
-0.003824020968750119
-0.6566048264503479
0.06333768367767334
0
0.0
0
0.0
0
11
12
8
-1.0
0
15
12
4
2.0
0
0
0
0
0.0
0
-0.1740466952323914
-0.5477259755134583
0.06001937016844749
0
0.0
0
0.0
3
13
6
3
-1.0
5
13
2
3
3.0
0
0
0
0
0.0
0
0.04592261835932732
0.05043816938996315
-0.6946768164634705
0
0.0
0
0.0
5
16
2
4
-1.0
5
17
2
2
2.0
0
0
0
0
0.0
0
-0.003903547069057822
0.2201841026544571
-0.1837664991617203
0
0.0
0
0.0
1
1
2
1
-1.0
1
1
1
1
2.0
0
0
0
0
0.0
1
0.001743676955811679
0.06121265888214111
-0.5798835754394531
0
0.0
0
0.0
6
15
2
3
-1.0
5
16
2
1
3.0
0
0
0
0
0.0
1
-0.009730154648423195
-0.5159971117973328
0.04902112111449242
0
0.0
0
0.0
5
5
3
3
-1.0
4
6
3
1
3.0
0
0
0
0
0.0
1
-0.05086642876267433
0.4311870038509369
-0.09559933841228485
0
0.0
0
0.0
6
5
2
3
-1.0
6
6
2
1
3.0
0
0
0
0
0.0
0
0.0001533475005999207
-0.08484206348657608
0.05398233979940414
0
0.0
0
0.0
4
5
2
3
-1.0
4
6
2
1
3.0
0
0
0
0
0.0
0
-0.007950944826006889
0.4779228866100311
-0.09334094077348709
0
0.0
0
0.0
10
5
2
3
-1.0
10
6
2
1
3.0
0
0
0
0
0.0
0
-0.004466273821890354
-0.6640642881393433
0.07063537091016769
0
0.0
0
0.0
6
5
2
3
-1.0
5
6
2
1
3.0
0
0
0
0
0.0
1
0.006745942868292332
-0.0959450975060463
0.4520403146743774
0
0.0
0
0.0
8
7
1
8
-1.0
6
9
1
4
2.0
0
0
0
0
0.0
1
-0.04857691004872322
-0.2540206909179688
0.03548051044344902
0
0.0
0
0.0
0
5
2
3
-1.0
0
6
2
1
3.0
0
0
0
0
0.0
0
-0.008189529180526733
-0.6963186264038086
0.0541897788643837
0
0.0
0
0.0
5
5
2
3
-1.0
5
5
1
3
2.0
0
0
0
0
0.0
0
-0.0001383055932819843
0.07726593315601349
-0.4388295114040375
0
0.0
0
0.0
4
7
8
1
-1.0
6
9
4
1
2.0
0
0
0
0
0.0
1
-0.02982716076076031
0.5193464756011963
-0.07481615990400314
0
0.0
0
0.0
6
15
2
3
-1.0
5
16
2
1
3.0
0
0
0
0
0.0
1
0.01972823031246662
0.04689539968967438
-0.5698902010917664
0
0.0
0
0.0
6
15
3
2
-1.0
7
16
1
2
3.0
0
0
0
0
0.0
1
0.01210778020322323
-0.1373973935842514
0.3266676068305969
0
0.0
0
0.0
9
13
2
3
-1.0
9
14
2
1
3.0
0
0
0
0
0.0
0
0.0069206808693707
0.04653932899236679
-0.49861478805542
0
0.0
0
0.0
1
13
2
3
-1.0
1
14
2
1
3.0
0
0
0
0
0.0
0
0.007563130930066109
-0.1023512035608292
0.3956797122955322
0
0.0
0
0.0
0
5
12
12
-1.0
0
9
12
4
3.0
0
0
0
0
0.0
0
-0.2384428977966309
-0.718816876411438
0.04974234849214554
0
0.0
0
0.0
0
9
3
2
-1.0
1
9
1
2
3.0
0
0
0
0
0.0
0
-0.00923276599496603
0.4862531125545502
-0.07832702994346619
0
0.0
0
0.0
6
13
6
1
-1.0
8
15
2
1
3.0
0
0
0
0
0.0
1
0.01234452985227108
-0.04556727036833763
0.1651363968849182
0
0.0
0
0.0
0
9
2
4
-1.0
0
9
1
2
2.0
1
11
1
2
2.0
0
-0.001088976976461709
0.2301602065563202
-0.1469632983207703
0
0.0
0
0.0
2
17
8
2
-1.0
6
17
4
1
2.0
2
18
4
1
2.0
0
-0.005121423862874508
0.1778700947761536
-0.1996787041425705
0
0.0
0
0.0
1
8
9
2
-1.0
1
9
9
1
2.0
0
0
0
0
0.0
0
0.023381220176816
0.03996695950627327
-0.7658355236053467
0
0.0
0
0.0
-1.292847990989685
5
4
1
4
-1.0
5
5
1
2
2.0
0
0
0
0
0.0
0
0.005887547973543406
-0.26197949051857
0.3926726877689362
0
0.0
0
0.0
8
0
3
3
-1.0
7
1
3
1
3.0
0
0
0
0
0.0
1
-0.02056371048092842
0.2324080020189285
-0.03605810925364494
0
0.0
0
0.0
4
0
3
3
-1.0
5
1
1
3
3.0
0
0
0
0
0.0
1
0.02419506013393402
-0.1724659949541092
0.4055410027503967
0
0.0
0
0.0
0
13
12
6
-1.0
0
13
6
6
2.0
0
0
0
0
0.0
0
0.2205322980880737
-0.2493793964385986
0.2498054057359695
0
0.0
0
0.0
5
4
3
3
-1.0
6
5
1
3
3.0
0
0
0
0
0.0
1
0.008121350780129433
0.09843284636735916
-0.5066735744476318
0
0.0
0
0.0
9
17
1
3
-1.0
9
18
1
1
3.0
0
0
0
0
0.0
0
-0.001563707017339766
-0.4152660965919495
0.1334010064601898
0
0.0
0
0.0
2
17
1
3
-1.0
2
18
1
1
3.0
0
0
0
0
0.0
0
0.001221060985699296
-0.2566395103931427
0.2126832008361816
0
0.0
0
0.0
0
9
12
6
-1.0
0
11
12
2
3.0
0
0
0
0
0.0
0
0.04565548896789551
0.0857129767537117
-0.5570104718208313
0
0.0
0
0.0
5
6
6
2
-1.0
5
6
3
2
2.0
0
0
0
0
0.0
1
-0.01732237078249454
0.10083419829607
-0.430528998374939
0
0.0
0
0.0
6
4
3
4
-1.0
7
5
1
4
3.0
0
0
0
0
0.0
1
0.02787916921079159
0.004439226817339659
-0.5720332860946655
0
0.0
0
0.0
6
4
4
3
-1.0
5
5
4
1
3.0
0
0
0
0
0.0
1
-0.0479423888027668
0.4997135102748871
-0.1056922003626823
0
0.0
0
0.0
11
4
1
16
-1.0
11
8
1
8
2.0
0
0
0
0
0.0
0
-0.09000316262245178
0.7722684144973755
-0.03503794968128204
0
0.0
0
0.0
0
0
1
20
-1.0
0
5
1
10
2.0
0
0
0
0
0.0
0
0.00218789791688323
-0.4398029148578644
0.1096234992146492
0
0.0
0
0.0
9
0
2
1
-1.0
9
0
1
1
2.0
0
0
0
0
0.0
1
-0.01116046030074358
-0.6074849963188171
0.02511833049356937
0
0.0
0
0.0
3
0
1
2
-1.0
3
0
1
1
2.0
0
0
0
0
0.0
1
0.002329360926523805
0.0747554674744606
-0.5664532780647278
0
0.0
0
0.0
6
13
6
6
-1.0
9
13
3
3
2.0
6
16
3
3
2.0
0
-0.03205136954784393
0.1371096968650818
-0.1401461064815521
0
0.0
0
0.0
6
10
6
4
-1.0
8
12
2
4
3.0
0
0
0
0
0.0
1
-0.1011729016900063
0.6220496296882629
-0.06441217660903931
0
0.0
0
0.0
1
0
10
3
-1.0
1
1
10
1
3.0
0
0
0
0
0.0
0
0.0420408695936203
-0.0859304666519165
0.4931566119194031
0
0.0
0
0.0
0
13
6
6
-1.0
0
13
3
3
2.0
3
16
3
3
2.0
0
0.02558241039514542
0.06105158105492592
-0.65449321269989
0
0.0
0
0.0
8
8
3
1
-1.0
9
9
1
1
3.0
0
0
0
0
0.0
1
0.01051401998847723
-0.1023480966687202
0.2611277997493744
0
0.0
0
0.0
0
7
2
2
-1.0
0
8
2
1
2.0
0
0
0
0
0.0
0
0.0001163177003036253
-0.3176834881305695
0.1254206001758575
0
0.0
0
0.0
8
9
2
2
-1.0
8
9
1
2
2.0
0
0
0
0
0.0
0
-0.004430002067238092
0.1910939961671829
-0.05266261845827103
0
0.0
0
0.0
2
9
2
2
-1.0
3
9
1
2
2.0
0
0
0
0
0.0
0
0.002080664038658142
-0.1442811042070389
0.3011283874511719
0
0.0
0
0.0
11
1
1
2
-1.0
11
2
1
1
2.0
0
0
0
0
0.0
0
0.005410457029938698
-0.05455458909273148
0.3524017035961151
0
0.0
0
0.0
5
0
1
3
-1.0
4
1
1
1
3.0
0
0
0
0
0.0
1
0.01080183032900095
0.05501845851540565
-0.7444341778755188
0
0.0
0
0.0
4
4
5
12
-1.0
4
8
5
4
3.0
0
0
0
0
0.0
0
0.04229693114757538
0.0618441104888916
-0.3314439952373505
0
0.0
0
0.0
0
0
3
3
-1.0
1
0
1
3
3.0
0
0
0
0
0.0
0
0.005989561788737774
0.06474579870700836
-0.560303270816803
0
0.0
0
0.0
8
7
3
3
-1.0
9
8
1
3
3.0
0
0
0
0
0.0
1
-0.009422787465155125
-0.3006778955459595
0.04319528117775917
0
0.0
0
0.0
4
7
3
3
-1.0
3
8
3
1
3.0
0
0
0
0
0.0
1
-0.02078337036073208
0.3752498030662537
-0.109686903655529
0
0.0
0
0.0
11
1
1
2
-1.0
11
2
1
1
2.0
0
0
0
0
0.0
0
-0.0005201586172915995
-0.1133781969547272
0.03714488074183464
0
0.0
0
0.0
0
1
1
2
-1.0
0
2
1
1
2.0
0
0
0
0
0.0
0
-0.0008016200154088438
-0.5254532098770142
0.06620974838733673
0
0.0
0
0.0
8
17
2
1
-1.0
8
17
1
1
2.0
0
0
0
0
0.0
1
-0.002521411050111055
-0.1593641042709351
0.05184971168637276
0
0.0
0
0.0
4
17
1
2
-1.0
4
17
1
1
2.0
0
0
0
0
0.0
1
9.070477972272784e-5
-0.3333494067192078
0.1091986000537872
0
0.0
0
0.0
7
6
2
4
-1.0
8
6
1
2
2.0
7
8
1
2
2.0
0
-0.001811453956179321
0.1121406033635139
-0.09096092730760574
0
0.0
0
0.0
6
8
6
6
-1.0
6
8
6
3
2.0
0
0
0
0
0.0
1
-0.1951902955770493
-0.7208095788955688
0.05018237978219986
0
0.0
0
0.0
7
6
2
4
-1.0
8
6
1
2
2.0
7
8
1
2
2.0
0
-0.01488444954156876
-0.6001055836677551
0.009169593453407288
0
0.0
0
0.0
3
6
2
4
-1.0
3
6
1
2
2.0
4
8
1
2
2.0
0
-0.00934938620775938
0.4800566136837006
-0.07695408165454865
0
0.0
0
0.0
6
1
6
2
-1.0
8
3
2
2
3.0
0
0
0
0
0.0
1
0.07146138697862625
-0.05778196826577187
0.2610664069652557
0
0.0
0
0.0
0
11
6
5
-1.0
3
11
3
5
2.0
0
0
0
0
0.0
0
0.05159064009785652
0.07180684059858322
-0.4601550102233887
0
0.0
0
0.0
7
13
3
3
-1.0
8
13
1
3
3.0
0
0
0
0
0.0
0
0.003085714066401124
-0.092065691947937
0.1126601994037628
0
0.0
0
0.0
2
13
3
3
-1.0
3
13
1
3
3.0
0
0
0
0
0.0
0
0.001751717994920909
-0.1990807950496674
0.1987974047660828
0
0.0
0
0.0
6
1
6
2
-1.0
8
3
2
2
3.0
0
0
0
0
0.0
1
0.00634934613481164
-0.1054428964853287
0.0433381199836731
0
0.0
0
0.0
6
1
2
6
-1.0
4
3
2
2
3.0
0
0
0
0
0.0
1
0.04291031137108803
0.0529264509677887
-0.6649377942085266
0
0.0
0
0.0
0
0
12
7
-1.0
0
0
6
7
2.0
0
0
0
0
0.0
0
-0.2893384099006653
-0.5924528241157532
0.05002371966838837
0
0.0
0
0.0
1
9
10
3
-1.0
1
10
10
1
3.0
0
0
0
0
0.0
0
0.0198391992598772
0.04103764891624451
-0.6757068037986755
0
0.0
0
0.0
0
9
12
4
-1.0
0
10
12
2
2.0
0
0
0
0
0.0
0
-0.02935753017663956
-0.6596074104309082
0.04181135818362236
0
0.0
0
0.0
0
5
3
15
-1.0
0
10
3
5
3.0
0
0
0
0
0.0
0
0.08818039298057556
0.06581743061542511
-0.4495067894458771
0
0.0
0
0.0
5
0
7
18
-1.0
5
9
7
9
2.0
0
0
0
0
0.0
0
-0.1328244060277939
-0.2109844982624054
0.03965073823928833
0
0.0
0
0.0
0
0
4
5
-1.0
2
0
2
5
2.0
0
0
0
0
0.0
0
8.026631985558197e-5
-0.2588882148265839
0.1148888021707535
0
0.0
0
0.0
-1.312760949134827
4
2
4
2
-1.0
4
2
2
1
2.0
6
3
2
1
2.0
0
0.006542699877172709
-0.2236669957637787
0.4772002100944519
0
0.0
0
0.0
6
5
3
3
-1.0
7
6
1
3
3.0
0
0
0
0
0.0
1
-0.0002233348059235141
0.1018484979867935
-0.1861446052789688
0
0.0
0
0.0
3
7
6
2
-1.0
3
7
3
1
2.0
6
8
3
1
2.0
0
-0.006019173189997673
0.3138226866722107
-0.2332856953144073
0
0.0
0
0.0
1
8
10
10
-1.0
6
8
5
5
2.0
1
13
5
5
2.0
0
0.1717994064092636
-0.2919198870658875
0.2179408073425293
0
0.0
0
0.0
1
0
10
3
-1.0
1
1
10
1
3.0
0
0
0
0
0.0
0
0.01631022989749908
-0.1405144035816193
0.3260694146156311
0
0.0
0
0.0
0
17
12
3
-1.0
0
17
6
3
2.0
0
0
0
0
0.0
0
-0.1510746031999588
0.6469005942344666
-0.0524866096675396
0
0.0
0
0.0
0
0
1
12
-1.0
0
6
1
6
2.0
0
0
0
0
0.0
0
0.04643990099430084
-0.2434090971946716
0.2685425877571106
0
0.0
0
0.0
10
17
2
1
-1.0
10
17
1
1
2.0
0
0
0
0
0.0
1
-0.00437165005132556
-0.2922855019569397
0.09840711206197739
0
0.0
0
0.0
0
18
12
2
-1.0
0
18
6
1
2.0
6
19
6
1
2.0
0
0.01686416007578373
-0.2836388051509857
0.1957173943519592
0
0.0
0
0.0
6
3
3
5
-1.0
7
4
1
5
3.0
0
0
0
0
0.0
1
0.002557564992457628
0.04434747993946075
-0.1344746053218842
0
0.0
0
0.0
6
3
5
3
-1.0
5
4
5
1
3.0
0
0
0
0
0.0
1
0.02095719054341316
-0.1837493926286697
0.2638436853885651
0
0.0
0
0.0
11
5
1
3
-1.0
11
6
1
1
3.0
0
0
0
0
0.0
0
0.004160794895142317
0.04929127916693687
-0.619218111038208
0
0.0
0
0.0
0
5
1
3
-1.0
0
6
1
1
3.0
0
0
0
0
0.0
0
0.004148976877331734
0.04164189100265503
-0.7398856282234192
0
0.0
0
0.0
7
5
3
2
-1.0
8
6
1
2
3.0
0
0
0
0
0.0
1
0.02131355926394463
0.02369425073266029
-0.5683566927909851
0
0.0
0
0.0
5
5
2
3
-1.0
4
6
2
1
3.0
0
0
0
0
0.0
1
0.01210130006074905
-0.09518765658140182
0.4690195024013519
0
0.0
0
0.0
6
0
2
1
-1.0
6
0
1
1
2.0
0
0
0
0
0.0
0
0.001808341010473669
0.04750077053904533
-0.309908002614975
0
0.0
0
0.0
5
0
2
2
-1.0
5
1
2
1
2.0
0
0
0
0
0.0
0
-0.01099053025245667
0.6756045818328857
-0.06026849895715714
0
0.0
0
0.0
11
8
1
2
-1.0
11
9
1
1
2.0
0
0
0
0
0.0
0
-0.0008988836198113859
0.1614250987768173
-0.08003471046686172
0
0.0
0
0.0
0
8
1
2
-1.0
0
9
1
1
2.0
0
0
0
0
0.0
0
8.5803032561671e-5
-0.2595798075199127
0.1504344940185547
0
0.0
0
0.0
7
0
4
2
-1.0
9
0
2
1
2.0
7
1
2
1
2.0
0
-0.01052927039563656
0.4879854917526245
-0.1057206019759178
0
0.0
0
0.0
4
0
2
2
-1.0
5
0
1
2
2.0
0
0
0
0
0.0
0
-0.002514057094231248
-0.5996586084365845
0.07144513726234436
0
0.0
0
0.0
8
0
3
1
-1.0
9
1
1
1
3.0
0
0
0
0
0.0
1
-0.02092836052179337
-0.6373776793479919
0.01119543984532356
0
0.0
0
0.0
0
4
8
12
-1.0
0
7
8
6
2.0
0
0
0
0
0.0
0
0.008456729352474213
0.10487599670887
-0.3302757143974304
0
0.0
0
0.0
0
14
12
6
-1.0
0
16
12
2
3.0
0
0
0
0
0.0
0
0.116498701274395
0.049215629696846
-0.7187538146972656
0
0.0
0
0.0
4
0
1
3
-1.0
3
1
1
1
3.0
0
0
0
0
0.0
1
0.01091131009161472
0.04061739891767502
-0.7191064953804016
0
0.0
0
0.0
10
17
2
1
-1.0
10
17
1
1
2.0
0
0
0
0
0.0
1
-0.02414163947105408
0.4675909876823425
-0.03295933082699776
0
0.0
0
0.0
2
17
1
2
-1.0
2
17
1
1
2.0
0
0
0
0
0.0
1
0.0012029770296067
-0.3162496089935303
0.1150553002953529
0
0.0
0
0.0
9
2
3
1
-1.0
10
3
1
1
3.0
0
0
0
0
0.0
1
0.009806817397475243
-0.03602518141269684
0.1712357997894287
0
0.0
0
0.0
3
2
1
3
-1.0
2
3
1
1
3.0
0
0
0
0
0.0
1
0.006741884164512157
0.06285441666841507
-0.5537654161453247
0
0.0
0
0.0
10
11
2
2
-1.0
10
12
2
1
2.0
0
0
0
0
0.0
0
-0.01334572024643421
-0.7574161291122437
0.009352484717965126
0
0.0
0
0.0
0
9
12
8
-1.0
0
11
12
4
2.0
0
0
0
0
0.0
0
0.08847165107727051
0.05577455833554268
-0.5264471769332886
0
0.0
0
0.0
5
8
2
8
-1.0
5
10
2
4
2.0
0
0
0
0
0.0
0
-0.01430805027484894
-0.501633882522583
0.06155290082097054
0
0.0
0
0.0
5
5
1
2
-1.0
5
6
1
1
2.0
0
0
0
0
0.0
0
0.002323433058336377
-0.08727329969406128
0.3759720027446747
0
0.0
0
0.0
9
4
3
4
-1.0
9
5
3
2
2.0
0
0
0
0
0.0
0
-0.00666051497682929
-0.5601152777671814
0.04597942903637886
0
0.0
0
0.0
1
7
4
1
-1.0
3
7
2
1
2.0
0
0
0
0
0.0
0
-0.000236841500736773
0.09245307743549347
-0.3418886959552765
0
0.0
0
0.0
10
9
2
1
-1.0
10
9
1
1
2.0
0
0
0
0
0.0
0
0.005249971989542246
-0.1024307981133461
0.3821138143539429
0
0.0
0
0.0
0
9
2
1
-1.0
1
9
1
1
2.0
0
0
0
0
0.0
0
9.671077714301646e-5
-0.1489132940769196
0.2487886995077133
0
0.0
0
0.0
10
6
2
1
-1.0
10
6
1
1
2.0
0
0
0
0
0.0
1
-0.003143559908494353
0.205015704035759
-0.05943538993597031
0
0.0
0
0.0
2
6
1
2
-1.0
2
6
1
1
2.0
0
0
0
0
0.0
1
-0.0001918922935146838
0.1261261999607086
-0.3249684870243073
0
0.0
0
0.0
6
5
1
3
-1.0
6
6
1
1
3.0
0
0
0
0
0.0
0
-0.004689321853220463
0.3240456879138947
-0.03284819051623344
0
0.0
0
0.0
0
4
1
3
-1.0
0
5
1
1
3.0
0
0
0
0
0.0
0
0.003078337060287595
0.05575019121170044
-0.5744385123252869
0
0.0
0
0.0
7
0
4
2
-1.0
9
0
2
1
2.0
7
1
2
1
2.0
0
0.01353971008211374
-0.03263891115784645
0.488757312297821
0
0.0
0
0.0
1
0
4
2
-1.0
1
0
2
1
2.0
3
1
2
1
2.0
0
8.239388262154534e-5
-0.2249176055192947
0.1517893970012665
0
0.0
0
0.0
5
0
3
3
-1.0
6
0
1
3
3.0
0
0
0
0
0.0
0
-0.009334267117083073
-0.5727822184562683
0.04614948853850365
0
0.0
0
0.0
4
11
3
3
-1.0
5
12
1
3
3.0
0
0
0
0
0.0
1
0.004554157145321369
-0.2054813057184219
0.1470420062541962
0
0.0
0
0.0
6
10
1
6
-1.0
6
10
1
3
2.0
0
0
0
0
0.0
1
0.02469171956181526
0.02088624984025955
-0.5602865815162659
0
0.0
0
0.0
2
9
2
1
-1.0
3
9
1
1
2.0
0
0
0
0
0.0
0
9.741218673298135e-5
-0.156487300992012
0.1900950968265533
0
0.0
0
0.0
9
0
3
2
-1.0
9
1
3
1
2.0
0
0
0
0
0.0
0
0.005782311782240868
-0.1217366009950638
0.2102413028478622
0
0.0
0
0.0
6
11
6
1
-1.0
6
11
3
1
2.0
0
0
0
0
0.0
1
-0.06493832170963287
0.5576444864273071
-0.06151422113180161
0
0.0
0
0.0
7
15
1
3
-1.0
6
16
1
1
3.0
0
0
0
0
0.0
1
-0.005942417774349451
-0.4468049108982086
0.0556485503911972
0
0.0
0
0.0
2
16
6
2
-1.0
2
16
3
1
2.0
5
17
3
1
2.0
0
-0.005099259782582521
0.1979479044675827
-0.1805514991283417
0
0.0
0
0.0
6
1
2
6
-1.0
6
1
1
6
2.0
0
0
0
0
0.0
1
-0.0152802299708128
-0.08627057075500488
0.03555253893136978
0
0.0
0
0.0
6
1
6
2
-1.0
6
1
6
1
2.0
0
0
0
0
0.0
1
-0.007443279027938843
0.1740857064723969
-0.1840049028396606
0
0.0
0
0.0
8
9
3
1
-1.0
9
9
1
1
3.0
0
0
0
0
0.0
0
0.005133112892508507
-0.08849114924669266
0.3153241872787476
0
0.0
0
0.0
1
9
3
1
-1.0
2
9
1
1
3.0
0
0
0
0
0.0
0
0.002464879071339965
-0.08360739797353745
0.3593930900096893
0
0.0
0
0.0
-1.377797961235046
6
2
6
1
-1.0
8
4
2
1
3.0
0
0
0
0
0.0
1
0.03258489072322845
-0.2944670915603638
0.3878332078456879
0
0.0
0
0.0
7
7
2
4
-1.0
8
7
1
2
2.0
7
9
1
2
2.0
0
-0.01595482975244522
-0.8738722205162048
0.01314020995050669
0
0.0
0
0.0
3
7
2
4
-1.0
3
7
1
2
2.0
4
9
1
2
2.0
0
0.006529402919113636
-0.1874600052833557
0.3492037951946259
0
0.0
0
0.0
6
3
6
3
-1.0
8
5
2
3
3.0
0
0
0
0
0.0
1
-0.06913906335830688
-0.320660412311554
0.02107023075222969
0
0.0
0
0.0
2
4
5
12
-1.0
2
7
5
6
2.0
0
0
0
0
0.0
0
-0.02740108035504818
0.1613730043172836
-0.3398815989494324
0
0.0
0
0.0
5
0
7
18
-1.0
5
9
7
9
2.0
0
0
0
0
0.0
0
0.548340916633606
-0.01129047013819218
-1.000504016876221
0
0.0
0
0.0
0
0
7
18
-1.0
0
9
7
9
2.0
0
0
0
0
0.0
0
0.04646316915750504
-0.7066882252693176
0.05852361023426056
0
0.0
0
0.0
11
9
1
6
-1.0
11
12
1
3
2.0
0
0
0
0
0.0
0
0.03569278120994568
-0.01272286009043455
0.5166990756988525
0
0.0
0
0.0
4
0
4
2
-1.0
4
0
2
1
2.0
6
1
2
1
2.0
0
-0.008825397118926048
0.3511337041854858
-0.122640497982502
0
0.0
0
0.0
11
7
1
6
-1.0
11
9
1
2
3.0
0
0
0
0
0.0
0
-0.02492843940854073
-0.4122619032859802
0.008281998336315155
0
0.0
0
0.0
0
7
1
6
-1.0
0
9
1
2
3.0
0
0
0
0
0.0
0
0.0008343848749063909
-0.3100476861000061
0.1282421946525574
0
0.0
0
0.0
5
0
2
3
-1.0
5
0
1
3
2.0
0
0
0
0
0.0
0
0.004367738030850887
0.08789583295583725
-0.5510982871055603
0
0.0
0
0.0
3
15
6
2
-1.0
3
15
3
1
2.0
6
16
3
1
2.0
0
-0.006059457082301378
0.2369482964277267
-0.1696314960718155
0
0.0
0
0.0
6
13
1
6
-1.0
6
13
1
3
2.0
0
0
0
0
0.0
1
-0.01338629983365536
-0.293531596660614
0.03364209085702896
0
0.0
0
0.0
0
11
8
5
-1.0
4
11
4
5
2.0
0
0
0
0
0.0
0
0.05504702031612396
0.09927161782979965
-0.409736692905426
0
0.0
0
0.0
10
1
2
5
-1.0
10
1
1
5
2.0
0
0
0
0
0.0
0
0.01734576933085918
-0.1095037013292313
0.4225187003612518
0
0.0
0
0.0
0
7
12
13
-1.0
6
7
6
13
2.0
0
0
0
0
0.0
0
0.5169445276260376
-0.05741095915436745
0.6413763165473938
0
0.0
0
0.0
8
8
3
8
-1.0
6
10
3
4
2.0
0
0
0
0
0.0
1
0.06562843173742294
0.03364114835858345
-0.6000341176986694
0
0.0
0
0.0
4
8
8
3
-1.0
6
10
4
3
2.0
0
0
0
0
0.0
1
0.1016108989715576
-0.2507058084011078
0.1818609982728958
0
0.0
0
0.0
1
0
10
3
-1.0
1
1
10
1
3.0
0
0
0
0
0.0
0
0.02983037009835243
-0.116081602871418
0.3524683117866516
0
0.0
0
0.0
0
2
1
2
-1.0
0
3
1
1
2.0
0
0
0
0
0.0
0
-0.0006653855089098215
-0.5648012757301331
0.06451386213302612
0
0.0
0
0.0
9
12
2
3
-1.0
9
13
2
1
3.0
0
0
0
0
0.0
0
0.008901184424757957
0.03711307048797607
-0.6294386982917786
0
0.0
0
0.0
1
12
2
3
-1.0
1
13
2
1
3.0
0
0
0
0
0.0
0
-0.005798814818263054
0.3300242125988007
-0.1156926974654198
0
0.0
0
0.0
9
0
3
1
-1.0
10
1
1
1
3.0
0
0
0
0
0.0
1
0.01820245012640953
0.02229738980531693
-0.6867982745170593
0
0.0
0
0.0
3
0
1
3
-1.0
2
1
1
1
3.0
0
0
0
0
0.0
1
-0.006343009881675243
-0.5950468778610229
0.053902018815279
0
0.0
0
0.0
6
3
6
3
-1.0
8
5
2
3
3.0
0
0
0
0
0.0
1
0.1025661006569862
0.01142590958625078
-0.3408868014812469
0
0.0
0
0.0
6
3
3
6
-1.0
4
5
3
2
3.0
0
0
0
0
0.0
1
-0.02172913029789925
0.1002406030893326
-0.3601643145084381
0
0.0
0
0.0
7
5
2
3
-1.0
7
5
1
3
2.0
0
0
0
0
0.0
1
-0.04040218889713287
-0.7997133731842041
0.01037483010441065
0
0.0
0
0.0
5
5
3
2
-1.0
5
5
3
1
2.0
0
0
0
0
0.0
1
-0.01115683000534773
0.4181826114654541
-0.1062261983752251
0
0.0
0
0.0
8
10
2
1
-1.0
8
10
1
1
2.0
0
0
0
0
0.0
0
0.001024281024001539
-0.07207120954990387
0.09988608956336975
0
0.0
0
0.0
2
10
2
1
-1.0
3
10
1
1
2.0
0
0
0
0
0.0
0
0.0009554927819408476
-0.1665614992380142
0.2786000967025757
0
0.0
0
0.0
4
4
4
2
-1.0
4
5
4
1
2.0
0
0
0
0
0.0
0
0.0001370270038023591
-0.3157595992088318
0.1180879026651382
0
0.0
0
0.0
0
9
12
9
-1.0
3
9
6
9
2.0
0
0
0
0
0.0
0
-0.1917414963245392
0.5223538279533386
-0.076672300696373
0
0.0
0
0.0
9
12
1
3
-1.0
9
13
1
1
3.0
0
0
0
0
0.0
0
0.002512362087145448
-0.08551798760890961
0.2788287103176117
0
0.0
0
0.0
2
12
1
3
-1.0
2
13
1
1
3.0
0
0
0
0
0.0
0
0.003638444002717733
-0.1017384007573128
0.3657585978507996
0
0.0
0
0.0
6
12
3
5
-1.0
7
13
1
5
3.0
0
0
0
0
0.0
1
-0.009106880053877831
-0.1999911069869995
0.03543166071176529
0
0.0
0
0.0
6
12
5
3
-1.0
5
13
5
1
3.0
0
0
0
0
0.0
1
-0.02545605972409248
-0.6697661876678467
0.05167229101061821
0
0.0
0
0.0
3
17
6
3
-1.0
3
18
6
1
3.0
0
0
0
0
0.0
0
-0.02585672959685326
-0.7349864840507507
0.02768938057124615
0
0.0
0
0.0
5
15
2
4
-1.0
5
16
2
2
2.0
0
0
0
0
0.0
0
0.008587129414081573
-0.11443380266428
0.2731989026069641
0
0.0
0
0.0
7
18
3
2
-1.0
8
18
1
2
3.0
0
0
0
0
0.0
0
0.003571620909497142
0.06028090044856071
-0.2663188874721527
0
0.0
0
0.0
1
4
2
4
-1.0
1
5
2
2
2.0
0
0
0
0
0.0
0
0.01033276040107012
0.0385819599032402
-0.6753296256065369
0
0.0
0
0.0
10
4
2
3
-1.0
9
5
2
1
3.0
0
0
0
0
0.0
1
-0.008322400972247124
0.2526826858520508
-0.06877072900533676
0
0.0
0
0.0
2
4
3
2
-1.0
3
5
1
2
3.0
0
0
0
0
0.0
1
-0.001818211982026696
-0.3176116943359375
0.09266678243875504
0
0.0
0
0.0
6
5
3
1
-1.0
7
6
1
1
3.0
0
0
0
0
0.0
1
-0.0131697803735733
-0.5365133285522461
0.02810687944293022
0
0.0
0
0.0
6
6
2
3
-1.0
5
7
2
1
3.0
0
0
0
0
0.0
1
0.02040860056877136
-0.06060322001576424
0.505724310874939
0
0.0
0
0.0
6
3
6
6
-1.0
8
5
2
6
3.0
0
0
0
0
0.0
1
0.1732123047113419
0.0021015009842813
0.3226019144058228
0
0.0
0
0.0
6
3
6
6
-1.0
4
5
6
2
3.0
0
0
0
0
0.0
1
-0.05891092121601105
0.1404493004083633
-0.2036260068416595
0
0.0
0
0.0
10
4
2
3
-1.0
10
5
2
1
3.0
0
0
0
0
0.0
0
0.004912355914711952
0.07136735320091248
-0.5073356032371521
0
0.0
0
0.0
0
18
1
2
-1.0
0
19
1
1
2.0
0
0
0
0
0.0
0
-0.0001381962065352127
0.07662402093410492
-0.3490323126316071
0
0.0
0
0.0
0
1
12
8
-1.0
0
5
12
4
2.0
0
0
0
0
0.0
0
0.001201721956022084
-0.5116928219795227
0.05479393154382706
0
0.0
0
0.0
0
4
2
3
-1.0
0
5
2
1
3.0
0
0
0
0
0.0
0
-0.005413542967289686
-0.5018147826194763
0.05022618174552917
0
0.0
0
0.0
7
6
3
2
-1.0
8
7
1
2
3.0
0
0
0
0
0.0
1
-0.03370764851570129
-0.8576470017433167
0.004764239769428968
0
0.0
0
0.0
5
6
2
3
-1.0
4
7
2
1
3.0
0
0
0
0
0.0
1
0.012718940153718
-0.1083061024546623
0.2886775135993958
0
0.0
0
0.0
6
4
3
2
-1.0
7
5
1
2
3.0
0
0
0
0
0.0
1
-0.0206722691655159
-0.3090681135654449
0.02158102951943874
0
0.0
0
0.0
6
4
2
3
-1.0
5
5
2
1
3.0
0
0
0
0
0.0
1
0.01593396998941898
-0.08375535905361176
0.4174394905567169
0
0.0
0
0.0
5
0
3
2
-1.0
6
0
1
2
3.0
0
0
0
0
0.0
0
0.009340552613139153
0.0475919283926487
-0.6514381766319275
0
0.0
0
0.0
5
15
3
2
-1.0
5
15
3
1
2.0
0
0
0
0
0.0
1
0.01301657967269421
0.05352826043963432
-0.486442893743515
0
0.0
0
0.0
-1.267323017120361
5
0
1
3
-1.0
5
1
1
1
3.0
0
0
0
0
0.0
0
0.0050423052161932
-0.2211153954267502
0.4367328882217407
0
0.0
0
0.0
5
4
4
3
-1.0
5
5
4
1
3.0
0
0
0
0
0.0
0
0.003359423018991947
-0.1700379997491837
0.1238785982131958
0
0.0
0
0.0
3
6
3
3
-1.0
4
7
1
1
9.0
0
0
0
0
0.0
0
-0.02285470999777317
0.3070735037326813
-0.1918652951717377
0
0.0
0
0.0
7
16
1
4
-1.0
7
18
1
2
2.0
0
0
0
0
0.0
0
0.004385010804980993
0.03203875944018364
-0.1462081968784332
0
0.0
0
0.0
4
16
1
4
-1.0
4
18
1
2
2.0
0
0
0
0
0.0
0
-0.005301163997501135
0.1637594997882843
-0.2817488014698029
0
0.0
0
0.0
6
13
1
6
-1.0
6
13
1
3
2.0
0
0
0
0
0.0
1
0.04968087002635002
0.04225048050284386
-0.6039164066314697
0
0.0
0
0.0
6
13
6
1
-1.0
6
13
3
1
2.0
0
0
0
0
0.0
1
-0.0514531098306179
0.6572015285491943
-0.07081280648708344
0
0.0
0
0.0
6
7
1
6
-1.0
4
9
1
2
3.0
0
0
0
0
0.0
1
0.02711348980665207
0.02980519086122513
-0.4082590043544769
0
0.0
0
0.0
6
7
6
1
-1.0
8
9
2
1
3.0
0
0
0
0
0.0
1
0.023578230291605
-0.3091801106929779
0.2138291001319885
0
0.0
0
0.0
11
9
1
6
-1.0
11
12
1
3
2.0
0
0
0
0
0.0
0
0.0029583559371531
0.02397038973867893
-0.1676822006702423
0
0.0
0
0.0
0
9
1
6
-1.0
0
12
1
3
2.0
0
0
0
0
0.0
0
-0.000283741595922038
0.1955036967992783
-0.263178288936615
0
0.0
0
0.0
0
0
12
1
-1.0
3
0
6
1
2.0
0
0
0
0
0.0
0
0.03829558938741684
-0.0814908966422081
0.4192210137844086
0
0.0
0
0.0
3
0
6
8
-1.0
3
4
6
4
2.0
0
0
0
0
0.0
0
-0.01057576015591621
-0.556994616985321
0.0607721209526062
0
0.0
0
0.0
3
3
6
12
-1.0
3
7
6
4
3.0
0
0
0
0
0.0
0
-0.001328369020484388
0.09295876324176788
-0.3355495035648346
0
0.0
0
0.0
4
6
1
2
-1.0
4
7
1
1
2.0
0
0
0
0
0.0
0
0.001821715966798365
-0.0998004823923111
0.3801577091217041
0
0.0
0
0.0
11
0
1
2
-1.0
11
1
1
1
2.0
0
0
0
0
0.0
0
-0.001806735992431641
-0.5110871195793152
0.06836632639169693
0
0.0
0
0.0
0
12
8
3
-1.0
4
12
4
3
2.0
0
0
0
0
0.0
0
0.06683500111103058
0.03145724907517433
-0.6941521167755127
0
0.0
0
0.0
10
0
2
4
-1.0
11
0
1
2
2.0
10
2
1
2
2.0
0
-0.01310923974961042
0.6028441190719604
-0.08042378723621368
0
0.0
0
0.0
0
0
2
4
-1.0
0
0
1
2
2.0
1
2
1
2
2.0
0
-0.001993034966289997
-0.4197970926761627
0.08936794102191925
0
0.0
0
0.0
10
0
2
1
-1.0
10
0
1
1
2.0
0
0
0
0
0.0
0
-0.001085571944713593
-0.2470342069864273
0.052764680236578
0
0.0
0
0.0
0
0
2
1
-1.0
1
0
1
1
2.0
0
0
0
0
0.0
0
-0.0020320110488683
-0.618200421333313
0.05193879082798958
0
0.0
0
0.0
10
9
2
6
-1.0
11
9
1
3
2.0
10
12
1
3
2.0
0
0.01602681912481785
-0.08548610657453537
0.5823404788970947
0
0.0
0
0.0
0
10
12
3
-1.0
0
11
12
1
3.0
0
0
0
0
0.0
0
0.0178960207849741
0.06889417767524719
-0.5808296203613281
0
0.0
0
0.0
7
11
1
3
-1.0
7
12
1
1
3.0
0
0
0
0
0.0
0
-0.002485356060788035
0.2064642012119293
-0.06046605110168457
0
0.0
0
0.0
4
11
1
3
-1.0
4
12
1
1
3.0
0
0
0
0
0.0
0
-0.001807325053960085
0.2503856122493744
-0.1386280059814453
0
0.0
0
0.0
6
11
2
3
-1.0
6
12
2
1
3.0
0
0
0
0
0.0
0
-0.01180068030953407
-0.5551732778549194
0.0239076092839241
0
0.0
0
0.0
4
11
2
3
-1.0
4
12
2
1
3.0
0
0
0
0
0.0
0
0.005318078212440014
-0.1036538034677505
0.3562254011631012
0
0.0
0
0.0
6
0
3
1
-1.0
7
1
1
1
3.0
0
0
0
0
0.0
1
-0.0001988592994166538
0.07913745939731598
-0.07124855369329453
0
0.0
0
0.0
6
0
1
3
-1.0
5
1
1
1
3.0
0
0
0
0
0.0
1
0.01272288989275694
0.0360434502363205
-0.775856614112854
0
0.0
0
0.0
4
1
4
2
-1.0
6
1
2
1
2.0
4
2
2
1
2.0
0
0.005489461123943329
-0.1119809970259666
0.2953906059265137
0
0.0
0
0.0
6
0
2
6
-1.0
4
2
2
2
3.0
0
0
0
0
0.0
1
0.03111759945750237
0.06802769750356674
-0.4762162864208221
0
0.0
0
0.0
10
9
2
6
-1.0
11
9
1
3
2.0
10
12
1
3
2.0
0
-0.01092291995882988
0.3701103031635284
-0.1505970060825348
0
0.0
0
0.0
0
9
2
6
-1.0
0
9
1
3
2.0
1
12
1
3
2.0
0
-0.00171674694865942
0.2764497101306915
-0.1130459010601044
0
0.0
0
0.0
3
8
6
2
-1.0
3
9
6
1
2.0
0
0
0
0
0.0
0
-0.001350105041638017
-0.353030800819397
0.09918724745512009
0
0.0
0
0.0
0
8
12
3
-1.0
0
9
12
1
3.0
0
0
0
0
0.0
0
0.019909780472517
0.06516940891742706
-0.4935362935066223
0
0.0
0
0.0
6
4
3
2
-1.0
7
5
1
2
3.0
0
0
0
0
0.0
1
0.02304418012499809
0.01724736019968987
-0.397881805896759
0
0.0
0
0.0
6
4
2
3
-1.0
5
5
2
1
3.0
0
0
0
0
0.0
1
0.009617703966796398
-0.1139445975422859
0.3135764896869659
0
0.0
0
0.0
11
7
1
2
-1.0
11
8
1
1
2.0
0
0
0
0
0.0
0
-0.007627523969858885
-0.9231873154640198
0.00788771640509367
0
0.0
0
0.0
0
7
1
2
-1.0
0
8
1
1
2.0
0
0
0
0
0.0
0
8.719030302017927e-5
-0.3097007870674133
0.09561198204755783
0
0.0
0
0.0
5
0
4
2
-1.0
7
0
2
1
2.0
5
1
2
1
2.0
0
-0.0118899904191494
0.4790137112140656
-0.0355771891772747
0
0.0
0
0.0
4
0
3
3
-1.0
5
0
1
3
3.0
0
0
0
0
0.0
0
0.008455736562609673
0.05270965024828911
-0.57321697473526
0
0.0
0
0.0
8
5
2
3
-1.0
8
5
1
3
2.0
0
0
0
0
0.0
1
0.01199604012072086
0.01970900967717171
-0.6953291296958923
0
0.0
0
0.0
2
0
6
2
-1.0
2
0
3
1
2.0
5
1
3
1
2.0
0
-0.02700581029057503
0.5965229272842407
-0.05167381837964058
0
0.0
0
0.0
10
17
1
3
-1.0
10
18
1
1
3.0
0
0
0
0
0.0
0
0.001854341011494398
0.07279191911220551
-0.5084679126739502
0
0.0
0
0.0
0
0
4
4
-1.0
0
2
4
2
2.0
0
0
0
0
0.0
0
0.0007567558786831796
-0.388672411441803
0.06592506170272827
0
0.0
0
0.0
8
5
2
3
-1.0
8
5
1
3
2.0
0
0
0
0
0.0
1
-0.03890518099069595
-0.6074038743972778
0.003510168986395
0
0.0
0
0.0
4
5
3
2
-1.0
4
5
3
1
2.0
0
0
0
0
0.0
1
-0.005771494004875422
0.1727409064769745
-0.1764421015977859
0
0.0
0
0.0
6
5
3
1
-1.0
7
6
1
1
3.0
0
0
0
0
0.0
1
-0.009135055355727673
-0.2862162888050079
0.0302582997828722
0
0.0
0
0.0
6
5
1
3
-1.0
5
6
1
1
3.0
0
0
0
0
0.0
1
0.004543929826468229
-0.08507697284221649
0.4136053919792175
0
0.0
0
0.0
10
1
2
7
-1.0
10
1
1
7
2.0
0
0
0
0
0.0
0
0.01578536070883274
-0.09652899950742722
0.2812528908252716
0
0.0
0
0.0
0
1
2
8
-1.0
1
1
1
8
2.0
0
0
0
0
0.0
0
0.01794428937137127
0.05023089051246643
-0.641345202922821
0
0.0
0
0.0
11
11
1
6
-1.0
11
11
1
3
2.0
0
0
0
0
0.0
1
-0.03897557035088539
-0.2596668004989624
0.03059262968599796
0
0.0
0
0.0
1
11
6
1
-1.0
1
11
3
1
2.0
0
0
0
0
0.0
1
0.0005237336154095829
0.1044635027647018
-0.3136588931083679
0
0.0
0
0.0
6
3
6
3
-1.0
8
5
2
3
3.0
0
0
0
0
0.0
1
-0.0254572294652462
-0.1673126965761185
0.03742779046297073
0
0.0
0
0.0
0
2
6
6
-1.0
2
4
2
2
9.0
0
0
0
0
0.0
0
-0.0429086796939373
-0.4029580056667328
0.06545572727918625
0
0.0
0
0.0
8
3
4
1
-1.0
9
4
2
1
2.0
0
0
0
0
0.0
1
-0.005172810982912779
0.3129979074001312
-0.07036788016557693
0
0.0
0
0.0
4
3
1
4
-1.0
3
4
1
2
2.0
0
0
0
0
0.0
1
-0.0001875399029813707
0.152996301651001
-0.2069599032402039
0
0.0
0
0.0
4
14
4
2
-1.0
6
14
2
1
2.0
4
15
2
1
2.0
0
-0.001998458988964558
0.2643629014492035
-0.1011802032589912
0
0.0
0
0.0
5
16
1
4
-1.0
5
17
1
2
2.0
0
0
0
0
0.0
0
-0.003792956005781889
0.2851816117763519
-0.1074341982603073
0
0.0
0
0.0
6
12
3
5
-1.0
7
13
1
5
3.0
0
0
0
0
0.0
1
0.04554098099470139
0.04500984027981758
-0.2042594999074936
0
0.0
0
0.0
6
12
5
3
-1.0
5
13
5
1
3.0
0
0
0
0
0.0
1
0.02483160048723221
0.04925556108355522
-0.6023653745651245
0
0.0
0
0.0
-1.353135943412781
4
2
4
2
-1.0
4
2
2
1
2.0
6
3
2
1
2.0
0
0.003999132197350264
-0.2671127021312714
0.3539265096187592
0
0.0
0
0.0
8
8
3
3
-1.0
9
9
1
3
3.0
0
0
0
0
0.0
1
0.01102329045534134
-0.1078668981790543
0.1072904989123344
0
0.0
0
0.0
5
4
5
3
-1.0
4
5
5
1
3.0
0
0
0
0
0.0
1
-0.0375213511288166
0.3064739108085632
-0.2174991965293884
0
0.0
0
0.0
9
17
2
3
-1.0
9
18
2
1
3.0
0
0
0
0
0.0
0
-0.00276707299053669
-0.3986968100070953
0.08740212023258209
0
0.0
0
0.0
1
17
2
3
-1.0
1
18
2
1
3.0
0
0
0
0
0.0
0
0.001989010954275727
-0.3271991908550262
0.2026402950286865
0
0.0
0
0.0
8
2
4
10
-1.0
10
2
2
5
2.0
8
7
2
5
2.0
0
0.01936466991901398
-0.05170514062047005
0.120218500494957
0
0.0
0
0.0
0
2
4
10
-1.0
0
2
2
5
2.0
2
7
2
5
2.0
0
-0.01191836968064308
0.1254653036594391
-0.3710674941539764
0
0.0
0
0.0
0
13
12
5
-1.0
3
13
6
5
2.0
0
0
0
0
0.0
0
0.09591084718704224
-0.1738933026790619
0.2260044068098068
0
0.0
0
0.0
0
18
12
2
-1.0
6
18
6
2
2.0
0
0
0
0
0.0
0
0.1075171008706093
-0.0785883367061615
0.5725061893463135
0
0.0
0
0.0
4
14
5
6
-1.0
4
17
5
3
2.0
0
0
0
0
0.0
0
-0.0310223400592804
0.1457516998052597
-0.323965311050415
0
0.0
0
0.0
0
0
12
3
-1.0
0
1
12
1
3.0
0
0
0
0
0.0
0
0.01688379049301147
-0.1656598001718521
0.290829986333847
0
0.0
0
0.0
0
3
12
2
-1.0
0
4
12
1
2.0
0
0
0
0
0.0
0
5.026284998166375e-5
-0.5703566074371338
0.06211056932806969
0
0.0
0
0.0
0
0
8
8
-1.0
2
0
4
8
2.0
0
0
0
0
0.0
0
0.009100692346692085
0.05540531873703003
-0.4927296936511993
0
0.0
0
0.0
6
10
6
3
-1.0
6
10
3
3
2.0
0
0
0
0
0.0
1
-0.1693760007619858
0.5491536855697632
-0.0395813100039959
0
0.0
0
0.0
4
10
6
4
-1.0
4
10
6
2
2.0
0
0
0
0
0.0
1
0.01991374976933002
0.09495850652456284
-0.5104156136512756
0
0.0
0
0.0
6
0
2
2
-1.0
7
0
1
1
2.0
6
1
1
1
2.0
0
0.003022375982254744
-0.06333117932081223
0.2040735930204391
0
0.0
0
0.0
4
0
2
2
-1.0
4
0
1
1
2.0
5
1
1
1
2.0
0
-0.004542339127510786
0.4278312027454376
-0.07888807356357574
0
0.0
0
0.0
7
13
5
2
-1.0
7
13
5
1
2.0
0
0
0
0
0.0
1
-0.03514700010418892
-0.6106147170066833
0.02550607919692993
0
0.0
0
0.0
0
0
1
3
-1.0
0
1
1
1
3.0
0
0
0
0
0.0
0
0.002007708884775639
0.06380405277013779
-0.4493458867073059
0
0.0
0
0.0
11
0
1
2
-1.0
11
1
1
1
2.0
0
0
0
0
0.0
0
-0.0015540630556643
-0.4019202888011932
0.03163668885827065
0
0.0
0
0.0
5
5
3
3
-1.0
4
6
3
1
3.0
0
0
0
0
0.0
1
0.01425489969551563
-0.07956630736589432
0.3870652914047241
0
0.0
0
0.0
6
3
3
4
-1.0
7
4
1
4
3.0
0
0
0
0
0.0
1
0.01102492026984692
0.06702723354101181
-0.280636191368103
0
0.0
0
0.0
3
6
2
4
-1.0
3
6
1
2
2.0
4
8
1
2
2.0
0
-0.005198189988732338
0.3657011985778809
-0.1167986020445824
0
0.0
0
0.0
7
13
5
2
-1.0
7
13
5
1
2.0
0
0
0
0
0.0
1
0.004943444859236479
0.04999719932675362
-0.1464221030473709
0
0.0
0
0.0
5
13
2
5
-1.0
5
13
1
5
2.0
0
0
0
0
0.0
1
-0.01667080074548721
-0.4923875033855438
0.06131744012236595
0
0.0
0
0.0
11
0
1
2
-1.0
11
1
1
1
2.0
0
0
0
0
0.0
0
0.007793914061039686
-0.02995314076542854
0.2331674993038177
0
0.0
0
0.0
0
0
1
2
-1.0
0
1
1
1
2.0
0
0
0
0
0.0
0
-0.001459061051718891
-0.5700631141662598
0.0534064993262291
0
0.0
0
0.0
6
5
3
3
-1.0
5
6
3
1
3.0
0
0
0
0
0.0
1
-0.02251783013343811
0.1146465986967087
-0.1258569955825806
0
0.0
0
0.0
6
5
3
3
-1.0
7
6
1
3
3.0
0
0
0
0
0.0
1
0.01491937041282654
0.05220412835478783
-0.5618779063224792
0
0.0
0
0.0
0
15
12
5
-1.0
3
15
6
5
2.0
0
0
0
0
0.0
0
-0.1865676045417786
0.6098979115486145
-0.05014270916581154
0
0.0
0
0.0
3
17
1
2
-1.0
3
17
1
1
2.0
0
0
0
0
0.0
1
0.0001246640022145584
-0.3272581994533539
0.08640716969966888
0
0.0
0
0.0
8
9
3
2
-1.0
9
9
1
2
3.0
0
0
0
0
0.0
0
-0.008500889874994755
0.4089893102645874
-0.0864645317196846
0
0.0
0
0.0
1
14
4
6
-1.0
1
14
2
3
2.0
3
17
2
3
2.0
0
0.01446559000760317
0.05593675002455711
-0.5293914079666138
0
0.0
0
0.0
8
9
3
2
-1.0
9
9
1
2
3.0
0
0
0
0
0.0
0
0.01153643988072872
-0.09396793693304062
0.4046142101287842
0
0.0
0
0.0
2
9
8
3
-1.0
2
10
8
1
3.0
0
0
0
0
0.0
0
0.01678900048136711
0.04909814894199371
-0.615095317363739
0
0.0
0
0.0
8
9
3
2
-1.0
9
9
1
2
3.0
0
0
0
0
0.0
0
-0.002972779097035527
0.156883493065834
-0.07987868785858154
0
0.0
0
0.0
3
12
1
3
-1.0
3
13
1
1
3.0
0
0
0
0
0.0
0
0.0027876989915967
-0.1129804998636246
0.2381433993577957
0
0.0
0
0.0
8
12
1
3
-1.0
8
13
1
1
3.0
0
0
0
0
0.0
0
0.002681577112525702
-0.0631318986415863
0.1734149008989334
0
0.0
0
0.0
3
12
1
3
-1.0
3
13
1
1
3.0
0
0
0
0
0.0
0
-0.001693243044428527
0.2913497984409332
-0.09768891334533691
0
0.0
0
0.0
9
3
3
6
-1.0
10
5
1
2
9.0
0
0
0
0
0.0
0
-0.02183887921273708
0.224101796746254
-0.06327178329229355
0
0.0
0
0.0
0
3
3
6
-1.0
1
5
1
2
9.0
0
0
0
0
0.0
0
-0.04645505920052528
-0.6672908067703247
0.04156969115138054
0
0.0
0
0.0
6
4
6
16
-1.0
6
12
6
8
2.0
0
0
0
0
0.0
0
0.3425726890563965
-0.04377546906471252
0.4225088953971863
0
0.0
0
0.0
1
9
3
2
-1.0
2
9
1
2
3.0
0
0
0
0
0.0
0
-0.00971340574324131
0.2887600958347321
-0.1090473979711533
0
0.0
0
0.0
8
5
2
6
-1.0
9
5
1
3
2.0
8
8
1
3
2.0
0
-0.001952053979039192
0.1146385967731476
-0.1017502024769783
0
0.0
0
0.0
2
5
2
6
-1.0
2
5
1
3
2.0
3
8
1
3
2.0
0
-0.01877141930162907
0.624006986618042
-0.05091378092765808
0
0.0
0
0.0
0
2
12
18
-1.0
6
2
6
9
2.0
0
11
6
9
2.0
0
0.2526493966579437
-0.228053405880928
0.1427406966686249
0
0.0
0
0.0
0
13
12
4
-1.0
0
13
6
2
2.0
6
15
6
2
2.0
0
-0.07830131053924561
-0.4958141148090363
0.05481760948896408
0
0.0
0
0.0
0
4
12
12
-1.0
0
7
12
6
2.0
0
0
0
0
0.0
0
-0.1611534953117371
-0.5761780738830566
0.04203319177031517
0
0.0
0
0.0
4
14
3
6
-1.0
5
14
1
6
3.0
0
0
0
0
0.0
0
0.01376903988420963
0.046666219830513
-0.5055137872695923
0
0.0
0
0.0
6
11
2
3
-1.0
6
12
2
1
3.0
0
0
0
0
0.0
0
-0.01832908019423485
-0.7981297969818115
-0.0006335782818496227
0
0.0
0
0.0
4
11
2
3
-1.0
4
12
2
1
3.0
0
0
0
0
0.0
0
-0.003975953906774521
0.2633090019226074
-0.10175059735775
0
0.0
0
0.0
1
9
10
2
-1.0
6
9
5
1
2.0
1
10
5
1
2.0
0
0.0196603499352932
0.03990919888019562
-0.6746745109558105
0
0.0
0
0.0
6
3
3
6
-1.0
4
5
3
2
3.0
0
0
0
0
0.0
1
-0.008969752117991447
0.05505400896072388
-0.4338020980358124
0
0.0
0
0.0
4
10
8
7
-1.0
4
10
4
7
2.0
0
0
0
0
0.0
0
0.1705226004123688
-0.0899830237030983
0.1558703929185867
0
0.0
0
0.0
6
7
6
4
-1.0
6
7
3
4
2.0
0
0
0
0
0.0
1
-0.06758487969636917
0.186993196606636
-0.134498804807663
0
0.0
0
0.0
7
13
4
2
-1.0
9
13
2
1
2.0
7
14
2
1
2.0
0
-0.004965483210980892
0.2174043953418732
-0.06849413365125656
0
0.0
0
0.0
1
13
4
2
-1.0
1
13
2
1
2.0
3
14
2
1
2.0
0
-0.003641933901235461
0.2265986055135727
-0.1151181980967522
0
0.0
0
0.0
9
8
2
3
-1.0
9
8
1
3
2.0
0
0
0
0
0.0
0
0.03094163909554482
0.009588145650923252
-0.4376426041126251
0
0.0
0
0.0
1
8
2
3
-1.0
2
8
1
3
2.0
0
0
0
0
0.0
0
0.002071490045636892
-0.06940040737390518
0.3581526875495911
0
0.0
0
0.0
-1.197152972221375
