[Header]
19
4
6
11
19
16
21
26
31
33
36
37
41
49
54
63
68
71
77
85
[Nodes]
45x11
7
3
30
3
-1.0
17
3
10
3
3.0
0
0
0
0
0.0
0
0.1012997999787331
-0.7954636812210083
0.7811083793640137
0
0.0
0
0.0
34
5
11
6
-1.0
34
8
11
3
2.0
0
0
0
0
0.0
0
0.0312121100723743
-0.7282348275184631
0.6224442720413208
0
0.0
0
0.0
6
1
6
9
-1.0
8
4
2
3
9.0
0
0
0
0
0.0
0
-0.054906789213419
0.6679443120956421
-0.6076071262359619
0
0.0
0
0.0
15
0
15
11
-1.0
20
0
5
11
3.0
0
0
0
0
0.0
0
0.131041094660759
-0.4881607890129089
0.6749575734138489
0
0.0
0
0.0
-1.456347942352295
7
3
30
3
-1.0
17
3
10
3
3.0
0
0
0
0
0.0
0
0.1507283002138138
-0.6390901207923889
0.8053625822067261
0
0.0
0
0.0
34
5
11
6
-1.0
34
8
11
3
2.0
0
0
0
0
0.0
0
0.0228874403983355
-0.7231366038322449
0.3992983996868134
0
0.0
0
0.0
0
5
11
6
-1.0
0
8
11
3
2.0
0
0
0
0
0.0
0
0.0276746600866318
-0.7064399719238281
0.4885388016700745
0
0.0
0
0.0
22
0
6
11
-1.0
22
0
3
11
2.0
0
0
0
0
0.0
0
0.0318998582661152
-0.4218417108058929
0.5392153263092041
0
0.0
0
0.0
17
0
6
11
-1.0
20
0
3
11
2.0
0
0
0
0
0.0
0
0.0369728282094002
-0.424006313085556
0.5681108236312866
0
0.0
0
0.0
39
0
1
9
-1.0
36
3
1
3
3.0
0
0
0
0
0.0
1
-0.0167110897600651
0.4617055952548981
-0.4238983988761902
0
0.0
0
0.0
-1.491752028465271
9
0
27
6
-1.0
18
0
9
6
3.0
0
0
0
0
0.0
0
0.2120860069990158
-0.6502287983894348
0.5993312001228333
0
0.0
0
0.0
39
0
1
9
-1.0
36
3
1
3
3.0
0
0
0
0
0.0
1
-0.0227453205734491
0.5193532109260559
-0.4416399896144867
0
0.0
0
0.0
7
3
4
8
-1.0
7
7
4
4
2.0
0
0
0
0
0.0
0
0.0215619597584009
-0.6439520120620728
0.5154399871826172
0
0.0
0
0.0
17
2
12
8
-1.0
21
2
4
8
3.0
0
0
0
0
0.0
0
0.0875263586640358
-0.3723556995391846
0.4822827875614166
0
0.0
0
0.0
1
7
5
4
-1.0
1
9
5
2
2.0
0
0
0
0
0.0
0
0.001713237026706338
-0.6259062886238098
0.3193156123161316
0
0.0
0
0.0
31
1
9
9
-1.0
34
4
3
3
9.0
0
0
0
0
0.0
0
-0.1218293979763985
0.4427149891853333
-0.2849208116531372
0
0.0
0
0.0
2
1
8
4
-1.0
2
3
8
2
2.0
0
0
0
0
0.0
0
-0.016568049788475
0.4386225938796997
-0.3060705065727234
0
0.0
0
0.0
18
2
12
9
-1.0
22
2
4
9
3.0
0
0
0
0
0.0
0
-0.0805537775158882
0.6011540293693542
-0.0198485106229782
0
0.0
0
0.0
15
2
12
9
-1.0
19
2
4
9
3.0
0
0
0
0
0.0
0
0.09454841911792761
-0.2503345906734467
0.480054497718811
0
0.0
0
0.0
31
4
9
3
-1.0
34
4
3
3
3.0
0
0
0
0
0.0
0
-0.009663322940468788
0.2112565934658051
-0.2550820112228394
0
0.0
0
0.0
20
9
4
2
-1.0
20
9
2
1
2.0
22
10
2
1
2.0
0
-0.001719473046250641
-0.7437624931335449
0.1356191039085388
0
0.0
0
0.0
-1.682157039642334
0
0
24
9
-1.0
8
3
8
3
9.0
0
0
0
0
0.0
0
-0.29845130443573
0.5768417119979858
-0.5636575222015381
0
0.0
0
0.0
7
3
36
4
-1.0
16
3
18
4
2.0
0
0
0
0
0.0
0
0.08483178913593289
-0.4878582060337067
0.3023360073566437
0
0.0
0
0.0
9
5
4
2
-1.0
11
5
2
2
2.0
0
0
0
0
0.0
0
0.004823526833206415
-0.4168018996715546
0.5473024249076843
0
0.0
0
0.0
22
0
6
10
-1.0
22
0
3
10
2.0
0
0
0
0
0.0
0
0.024796100333333
-0.4074968099594116
0.29871928691864
0
0.0
0
0.0
0
5
6
6
-1.0
0
8
6
3
2.0
0
0
0
0
0.0
0
0.007846631109714508
-0.6626297235488892
0.3087947070598602
0
0.0
0
0.0
21
0
8
11
-1.0
21
0
4
11
2.0
0
0
0
0
0.0
0
0.0881724432110786
-0.196403294801712
0.1787654012441635
0
0.0
0
0.0
1
3
42
8
-1.0
1
3
21
4
2.0
22
7
21
4
2.0
0
0.0006713619222864509
-0.4565294086933136
0.4721651077270508
0
0.0
0
0.0
24
0
8
3
-1.0
26
2
4
3
2.0
0
0
0
0
0.0
1
-5.813005918753333e-5
0.0189487598836422
-0.279009610414505
0
0.0
0
0.0
21
0
3
8
-1.0
19
2
3
4
2.0
0
0
0
0
0.0
1
-0.007068037055432796
0.4315592050552368
-0.5228719115257263
0
0.0
0
0.0
35
3
2
8
-1.0
35
7
2
4
2.0
0
0
0
0
0.0
0
0.0104867396876216
-0.6200038194656372
0.4006851017475128
0
0.0
0
0.0
2
4
36
5
-1.0
11
4
18
5
2.0
0
0
0
0
0.0
0
0.0301965996623039
-0.7257996201515198
0.1910271048545837
0
0.0
0
0.0
12
0
21
1
-1.0
19
0
7
1
3.0
0
0
0
0
0.0
0
0.002274089958518744
-0.7437924742698669
0.1435914039611816
0
0.0
0
0.0
8
5
2
6
-1.0
8
8
2
3
2.0
0
0
0
0
0.0
0
0.002828188939020038
-0.7035927176475525
0.2077458947896957
0
0.0
0
0.0
24
9
11
2
-1.0
24
10
11
1
2.0
0
0
0
0
0.0
0
9.472201054450125e-5
-0.6866136193275452
0.2300024032592773
0
0.0
0
0.0
2
7
2
4
-1.0
2
9
2
2
2.0
0
0
0
0
0.0
0
5.848670843988657e-5
-0.7492769956588745
0.1742060035467148
0
0.0
0
0.0
42
4
2
2
-1.0
42
4
1
2
2.0
0
0
0
0
0.0
1
-5.332905129762366e-5
0.19545179605484
-0.6460217237472534
0
0.0
0
0.0
3
4
2
2
-1.0
3
4
2
1
2.0
0
0
0
0
0.0
1
-1.9914070435334e-5
0.3191055059432983
-0.5000588893890381
0
0.0
0
0.0
23
6
16
5
-1.0
27
6
8
5
2.0
0
0
0
0
0.0
0
-0.0284833405166864
0.27206888794899
-0.1728384047746658
0
0.0
0
0.0
10
2
2
4
-1.0
9
3
2
2
2.0
0
0
0
0
0.0
1
-0.007030116859823465
0.4906997084617615
-0.2584682106971741
0
0.0
0
0.0
-2.426186084747314
6
3
33
3
-1.0
17
3
11
3
3.0
0
0
0
0
0.0
0
0.1710568964481354
-0.5641617774963379
0.5475422739982605
0
0.0
0
0.0
31
1
9
9
-1.0
34
4
3
3
9.0
0
0
0
0
0.0
0
-0.1049742996692658
0.4727413058280945
-0.4532259106636047
0
0.0
0
0.0
9
0
6
3
-1.0
11
2
2
3
3.0
0
0
0
0
0.0
1
-0.031381469219923
0.4900924861431122
-0.3593046963214874
0
0.0
0
0.0
21
1
8
10
-1.0
21
1
4
10
2.0
0
0
0
0
0.0
0
0.0624266900122166
-0.3127166032791138
0.3738982081413269
0
0.0
0
0.0
7
3
26
5
-1.0
20
3
13
5
2.0
0
0
0
0
0.0
0
0.0547255501151085
-0.4385116994380951
0.3331047892570496
0
0.0
0
0.0
40
5
3
6
-1.0
40
8
3
3
2.0
0
0
0
0
0.0
0
0.004734624177217484
-0.641412079334259
0.253116101026535
0
0.0
0
0.0
2
5
3
6
-1.0
2
8
3
3
2.0
0
0
0
0
0.0
0
0.007991975173354149
-0.4680531024932861
0.2431025952100754
0
0.0
0
0.0
13
0
21
1
-1.0
20
0
7
1
3.0
0
0
0
0
0.0
0
0.0162186194211245
-0.3655829131603241
0.1935510039329529
0
0.0
0
0.0
10
9
11
2
-1.0
10
10
11
1
2.0
0
0
0
0
0.0
0
-0.002707083942368627
-0.6236888766288757
0.15246219933033
0
0.0
0
0.0
35
2
4
3
-1.0
36
3
2
3
2.0
0
0
0
0
0.0
1
-0.0145703395828605
0.254883199930191
-0.101772703230381
0
0.0
0
0.0
9
0
26
10
-1.0
9
0
13
5
2.0
22
5
13
5
2.0
0
-0.0742893293499947
-0.5963190197944641
0.1414172053337097
0
0.0
0
0.0
1
9
44
2
-1.0
23
9
22
1
2.0
1
10
22
1
2.0
0
0.0174824707210064
0.0689812228083611
-0.807526171207428
0
0.0
0
0.0
21
9
2
2
-1.0
21
9
1
1
2.0
22
10
1
1
2.0
0
0.000745959987398237
0.08997085690498351
-0.7547813057899475
0
0.0
0
0.0
0
0
45
9
-1.0
15
3
15
3
9.0
0
0
0
0
0.0
0
0.6811965703964233
0.1251329034566879
-0.5950785279273987
0
0.0
0
0.0
21
9
2
2
-1.0
21
9
1
1
2.0
22
10
1
1
2.0
0
-0.0003222360101062804
-0.5476635098457336
0.1417046040296555
0
0.0
0
0.0
39
9
5
2
-1.0
39
10
5
1
2.0
0
0
0
0
0.0
0
-0.001331813982687891
-0.4610851109027863
0.0877417027950287
0
0.0
0
0.0
-1.651582002639771
4
3
32
3
-1.0
12
3
16
3
2.0
0
0
0
0
0.0
0
0.0799669772386551
-0.6659880876541138
0.4235262870788574
0
0.0
0
0.0
26
1
11
8
-1.0
26
3
11
4
2.0
0
0
0
0
0.0
0
-0.0272646602243185
0.3397392928600311
-0.5063499212265015
0
0.0
0
0.0
17
1
6
9
-1.0
20
1
3
9
2.0
0
0
0
0
0.0
0
0.0288831908255816
-0.4901154041290283
0.4012367129325867
0
0.0
0
0.0
27
3
11
8
-1.0
27
7
11
4
2.0
0
0
0
0
0.0
0
0.0397321991622448
-0.4774664044380188
0.2059060037136078
0
0.0
0
0.0
5
1
9
9
-1.0
8
4
3
3
9.0
0
0
0
0
0.0
0
-0.0972145274281502
0.4514232873916626
-0.469965785741806
0
0.0
0
0.0
13
0
21
1
-1.0
20
0
7
1
3.0
0
0
0
0
0.0
0
0.007040319964289665
-0.5051323175430298
0.1872223019599915
0
0.0
0
0.0
9
3
11
8
-1.0
9
7
11
4
2.0
0
0
0
0
0.0
0
0.0100332498550415
-0.60716050863266
0.2049857974052429
0
0.0
0
0.0
38
5
6
2
-1.0
40
5
2
2
3.0
0
0
0
0
0.0
0
-0.002218632027506828
0.2791998982429504
-0.390918493270874
0
0.0
0
0.0
8
9
16
1
-1.0
16
9
8
1
2.0
0
0
0
0
0.0
0
0.0728399306535721
-0.008700487203896046
-4366.7841796875
0
0.0
0
0.0
18
0
15
10
-1.0
23
0
5
10
3.0
0
0
0
0
0.0
0
-0.06864404678344729
0.5467174053192139
-0.0971203967928886
0
0.0
0
0.0
3
9
4
2
-1.0
3
10
4
1
2.0
0
0
0
0
0.0
0
8.375755714951083e-5
-0.4377388954162598
0.2073774039745331
0
0.0
0
0.0
31
5
2
2
-1.0
31
5
1
2
2.0
0
0
0
0
0.0
0
-0.001888295984826982
0.28053081035614
-0.112383596599102
0
0.0
0
0.0
12
0
20
6
-1.0
12
0
10
3
2.0
22
3
10
3
2.0
0
-0.0362426303327084
-0.6370964050292969
0.1478706002235413
0
0.0
0
0.0
31
0
10
6
-1.0
31
2
10
2
3.0
0
0
0
0
0.0
0
-0.0333381183445454
0.4726848006248474
-0.212401494383812
0
0.0
0
0.0
7
10
4
1
-1.0
9
10
2
1
2.0
0
0
0
0
0.0
0
0.002584707923233509
0.1234423965215683
-0.7409923076629639
0
0.0
0
0.0
25
0
15
4
-1.0
30
0
5
4
3.0
0
0
0
0
0.0
0
-0.0203724894672632
0.1377898007631302
-0.1994089931249619
0
0.0
0
0.0
5
10
6
1
-1.0
7
10
2
1
3.0
0
0
0
0
0.0
0
0.003633320098742843
0.0793613791465759
-0.760002076625824
0
0.0
0
0.0
38
5
4
4
-1.0
40
5
2
2
2.0
38
7
2
2
2.0
0
0.004682761151343584
-0.06614586710929871
0.1733255982398987
0
0.0
0
0.0
3
5
4
4
-1.0
3
5
2
2
2.0
5
7
2
2
2.0
0
-0.004844535142183304
0.4480114877223969
-0.1564396023750305
0
0.0
0
0.0
15
2
18
9
-1.0
21
2
6
9
3.0
0
0
0
0
0.0
0
0.2481960952281952
-0.086152970790863
0.3375715017318726
0
0.0
0
0.0
12
0
15
11
-1.0
17
0
5
11
3.0
0
0
0
0
0.0
0
0.1942128986120224
-0.1405933052301407
0.511216402053833
0
0.0
0
0.0
-1.834244012832642
8
1
6
1
-1.0
10
3
2
1
3.0
0
0
0
0
0.0
1
-0.009688867256045341
0.3895721137523651
-0.4811824858188629
0
0.0
0
0.0
9
0
27
7
-1.0
18
0
9
7
3.0
0
0
0
0
0.0
0
0.2981027960777283
-0.480063408613205
0.3955416977405548
0
0.0
0
0.0
10
2
3
4
-1.0
9
3
3
2
2.0
0
0
0
0
0.0
1
-0.009894543327391148
0.4206601083278656
-0.3444811105728149
0
0.0
0
0.0
18
3
9
8
-1.0
21
3
3
8
3.0
0
0
0
0
0.0
0
0.0562895499169827
-0.2323781996965408
0.420012503862381
0
0.0
0
0.0
0
5
11
6
-1.0
0
8
11
3
2.0
0
0
0
0
0.0
0
0.0281865298748016
-0.5498821139335632
0.1948453038930893
0
0.0
0
0.0
1
3
44
8
-1.0
23
3
22
4
2.0
1
7
22
4
2.0
0
0.0471157617866993
0.1684277057647705
-0.5307763814926147
0
0.0
0
0.0
0
4
4
4
-1.0
2
4
2
4
2.0
0
0
0
0
0.0
0
-0.003118795109912753
0.1967993974685669
-0.3741619884967804
0
0.0
0
0.0
24
3
11
8
-1.0
24
7
11
4
2.0
0
0
0
0
0.0
0
0.01942390948534
-0.4466922879219055
0.1685253977775574
0
0.0
0
0.0
3
1
39
9
-1.0
16
4
13
3
9.0
0
0
0
0
0.0
0
-0.26180699467659
-0.8378089070320129
0.0617749504745007
0
0.0
0
0.0
24
7
11
4
-1.0
24
9
11
2
2.0
0
0
0
0
0.0
0
-0.004863219801336527
-0.4800944924354553
0.0667717605829239
0
0.0
0
0.0
11
4
22
6
-1.0
11
4
11
3
2.0
22
7
11
3
2.0
0
0.0384115986526012
0.1338039934635162
-0.5834993124008179
0
0.0
0
0.0
33
9
6
2
-1.0
35
9
2
2
3.0
0
0
0
0
0.0
0
0.005764458794146776
0.0822187215089798
-0.8142058849334717
0
0.0
0
0.0
6
0
7
6
-1.0
6
2
7
2
3.0
0
0
0
0
0.0
0
-0.0277032200247049
0.4725336134433746
-0.1494240015745163
0
0.0
0
0.0
24
0
6
1
-1.0
24
0
3
1
2.0
0
0
0
0
0.0
0
0.000299706298392266
-0.3508217036724091
0.117889903485775
0
0.0
0
0.0
4
1
10
3
-1.0
4
2
10
1
3.0
0
0
0
0
0.0
0
0.006699781864881516
-0.1563594043254852
0.3656086921691895
0
0.0
0
0.0
36
9
9
2
-1.0
36
10
9
1
2.0
0
0
0
0
0.0
0
1.815994073695038e-5
-0.3140079081058502
0.1277565956115723
0
0.0
0
0.0
7
9
4
2
-1.0
8
9
2
2
2.0
0
0
0
0
0.0
0
-0.002377548022195697
-0.7156819105148315
0.0758587494492531
0
0.0
0
0.0
18
9
10
2
-1.0
23
9
5
1
2.0
18
10
5
1
2.0
0
-0.004430885892361403
-0.5795493125915527
0.06588020175695419
0
0.0
0
0.0
7
0
30
6
-1.0
7
0
15
3
2.0
22
3
15
3
2.0
0
0.0826033428311348
0.0700204968452454
-0.6617522239685059
0
0.0
0
0.0
21
5
3
6
-1.0
22
7
1
2
9.0
0
0
0
0
0.0
0
-0.008366631343960762
-0.4901342988014221
0.0937642827630043
0
0.0
0
0.0
16
9
10
2
-1.0
16
9
5
1
2.0
21
10
5
1
2.0
0
-0.004212609026581049
-0.5854789018630981
0.07771998643875121
0
0.0
0
0.0
24
9
11
2
-1.0
24
10
11
1
2.0
0
0
0
0
0.0
0
0.001468133996240795
-0.2495546936988831
0.1152582988142967
0
0.0
0
0.0
5
2
7
3
-1.0
5
3
7
1
3.0
0
0
0
0
0.0
0
0.00572782289236784
-0.119686096906662
0.42483189702034
0
0.0
0
0.0
26
0
4
1
-1.0
26
0
2
1
2.0
0
0
0
0
0.0
0
0.006577933207154274
0.0282375905662775
-0.407177597284317
0
0.0
0
0.0
15
0
4
1
-1.0
17
0
2
1
2.0
0
0
0
0
0.0
0
1.263563990505645e-5
-0.3278765082359314
0.1463759988546372
0
0.0
0
0.0
26
0
11
4
-1.0
26
2
11
2
2.0
0
0
0
0
0.0
0
-0.004604869987815619
0.1842471063137054
-0.2354689985513687
0
0.0
0
0.0
-1.658043026924133
7
3
22
3
-1.0
18
3
11
3
2.0
0
0
0
0
0.0
0
0.0616270788013935
-0.6385278105735779
0.333147406578064
0
0.0
0
0.0
32
1
4
6
-1.0
34
1
2
3
2.0
32
4
2
3
2.0
0
0.004276898223906755
-0.4244343042373657
0.4304029941558838
0
0.0
0
0.0
9
1
4
6
-1.0
9
1
2
3
2.0
11
4
2
3
2.0
0
0.004653666168451309
-0.3571257889270783
0.3420619964599609
0
0.0
0
0.0
17
0
12
11
-1.0
21
0
4
11
3.0
0
0
0
0
0.0
0
0.08992984890937809
-0.3081831932067871
0.3103627860546112
0
0.0
0
0.0
1
3
11
8
-1.0
1
7
11
4
2.0
0
0
0
0
0.0
0
0.07435355335474
-0.4110797047615051
0.2735716998577118
0
0.0
0
0.0
25
9
11
2
-1.0
25
10
11
1
2.0
0
0
0
0
0.0
0
0.001868727034889162
-0.326781690120697
0.18466979265213
0
0.0
0
0.0
1
4
6
4
-1.0
3
4
2
4
3.0
0
0
0
0
0.0
0
-0.006205327808856964
0.3107973039150238
-0.2444406002759934
0
0.0
0
0.0
24
1
11
8
-1.0
24
3
11
4
2.0
0
0
0
0
0.0
0
-0.0163297392427921
0.249386802315712
-0.3848733901977539
0
0.0
0
0.0
4
0
32
7
-1.0
12
0
16
7
2.0
0
0
0
0
0.0
0
0.1133780032396317
-0.4381052851676941
0.15818390250206
0
0.0
0
0.0
8
0
30
8
-1.0
23
0
15
4
2.0
8
4
15
4
2.0
0
0.0748228132724762
0.0775939524173737
-0.6171107292175293
0
0.0
0
0.0
19
2
6
9
-1.0
22
2
3
9
2.0
0
0
0
0
0.0
0
-0.0451328605413437
0.5962778925895691
-0.1065089032053947
0
0.0
0
0.0
17
0
26
2
-1.0
30
0
13
1
2.0
17
1
13
1
2.0
0
-0.0102611603215337
0.3402867019176483
-0.0760131329298019
0
0.0
0
0.0
20
0
1
2
-1.0
20
0
1
1
2.0
0
0
0
0
0.0
1
0.0001956295018317178
-0.32240030169487
0.1593022048473358
0
0.0
0
0.0
38
9
6
2
-1.0
38
10
6
1
2.0
0
0
0
0
0.0
0
0.0127499103546143
0.0342378690838814
-0.8233301043510437
0
0.0
0
0.0
1
9
8
2
-1.0
1
10
8
1
2.0
0
0
0
0
0.0
0
0.001026791054755449
-0.3348264992237091
0.1486838012933731
0
0.0
0
0.0
31
0
11
4
-1.0
31
1
11
2
2.0
0
0
0
0
0.0
0
0.011899939738214
-0.1110528036952019
0.2997865974903107
0
0.0
0
0.0
7
8
6
3
-1.0
9
8
2
3
3.0
0
0
0
0
0.0
0
0.00944048073142767
0.063143752515316
-0.7491412758827209
0
0.0
0
0.0
36
3
4
4
-1.0
36
3
2
4
2.0
0
0
0
0
0.0
0
-0.004403388127684593
0.1506906002759934
-0.1213440969586372
0
0.0
0
0.0
17
0
2
3
-1.0
17
0
1
3
2.0
0
0
0
0
0.0
1
0.008250433951616287
0.0654440671205521
-0.7557423114776611
0
0.0
0
0.0
25
1
11
6
-1.0
25
3
11
2
3.0
0
0
0
0
0.0
0
-0.011925470083952
0.1157917976379395
-0.1823156028985977
0
0.0
0
0.0
16
10
12
1
-1.0
19
10
6
1
2.0
0
0
0
0
0.0
0
0.00237441691569984
-0.2389771938323975
0.1936241984367371
0
0.0
0
0.0
11
1
32
4
-1.0
27
1
16
2
2.0
11
3
16
2
2.0
0
0.0189549792557955
-0.07390238344669341
0.09520693868398671
0
0.0
0
0.0
10
1
11
6
-1.0
10
3
11
2
3.0
0
0
0
0
0.0
0
-0.006471804808825254
0.1882565021514893
-0.2742140889167786
0
0.0
0
0.0
39
2
5
3
-1.0
38
3
5
1
3.0
0
0
0
0
0.0
1
0.0118858003988862
-0.0793891325592995
0.3939763903617859
0
0.0
0
0.0
10
7
11
4
-1.0
10
9
11
2
2.0
0
0
0
0
0.0
0
0.003964170813560486
-0.3141691088676453
0.157222107052803
0
0.0
0
0.0
39
2
5
3
-1.0
38
3
5
1
3.0
0
0
0
0
0.0
1
-0.0153126502409577
0.4346731901168823
-0.0800591632723808
0
0.0
0
0.0
4
8
2
1
-1.0
4
8
1
1
2.0
0
0
0
0
0.0
1
-0.004408740904182196
-0.6935536861419678
0.0726607367396355
0
0.0
0
0.0
39
2
5
3
-1.0
38
3
5
1
3.0
0
0
0
0
0.0
1
0.0268113501369953
-0.0287350993603468
0.4305660128593445
0
0.0
0
0.0
6
2
3
5
-1.0
7
3
1
5
3.0
0
0
0
0
0.0
1
0.012916729785502
-0.0791131779551506
0.5616195797920227
0
0.0
0
0.0
35
9
4
2
-1.0
36
9
2
2
2.0
0
0
0
0
0.0
0
-0.002880211919546127
-0.6684604287147522
0.0777579322457314
0
0.0
0
0.0
15
1
12
10
-1.0
19
1
4
10
3.0
0
0
0
0
0.0
0
-0.0775494873523712
0.6936337947845459
-0.0728587135672569
0
0.0
0
0.0
-1.738605976104736
5
3
32
3
-1.0
13
3
16
3
2.0
0
0
0
0
0.0
0
0.1141531020402908
-0.4638212025165558
0.3817670941352844
0
0.0
0
0.0
30
5
6
2
-1.0
32
5
2
2
3.0
0
0
0
0
0.0
0
0.004896949045360088
-0.1898743063211441
0.3679777979850769
0
0.0
0
0.0
17
2
6
5
-1.0
20
2
3
5
2.0
0
0
0
0
0.0
0
0.021013330668211
-0.3910275101661682
0.3052346110343933
0
0.0
0
0.0
35
2
4
3
-1.0
36
3
2
3
2.0
0
0
0
0
0.0
1
-0.008532673120498657
0.4028900861740112
-0.379458099603653
0
0.0
0
0.0
0
6
5
4
-1.0
0
8
5
2
2.0
0
0
0
0
0.0
0
0.002223318908363581
-0.5834115147590637
0.205049604177475
0
0.0
0
0.0
33
4
6
4
-1.0
35
4
2
4
3.0
0
0
0
0
0.0
0
-0.00894554890692234
0.107344001531601
-0.1407826989889145
0
0.0
0
0.0
12
5
2
2
-1.0
13
5
1
2
2.0
0
0
0
0
0.0
0
-4.465270103537478e-5
0.3188174068927765
-0.2420430034399033
0
0.0
0
0.0
21
1
24
6
-1.0
29
3
8
2
9.0
0
0
0
0
0.0
0
-0.2776621878147125
0.3199347853660584
-0.2321206033229828
0
0.0
0
0.0
8
3
10
8
-1.0
8
7
10
4
2.0
0
0
0
0
0.0
0
0.0299928896129131
-0.4863663017749786
0.1573397070169449
0
0.0
0
0.0
13
0
21
1
-1.0
20
0
7
1
3.0
0
0
0
0
0.0
0
0.0103846397250891
-0.3576160967350006
0.1016876995563507
0
0.0
0
0.0
9
2
6
3
-1.0
8
3
6
1
3.0
0
0
0
0
0.0
1
-0.009906928986310959
0.3474350869655609
-0.2061987072229385
0
0.0
0
0.0
16
2
18
8
-1.0
22
2
6
8
3.0
0
0
0
0
0.0
0
-0.0936803817749023
0.5435848832130432
-0.073790967464447
0
0.0
0
0.0
3
9
1
2
-1.0
3
10
1
1
2.0
0
0
0
0
0.0
0
4.696890027844347e-5
-0.3651182949543
0.2005686014890671
0
0.0
0
0.0
27
4
2
5
-1.0
27
4
1
5
2.0
0
0
0
0
0.0
1
-0.008318254724144936
-0.5208979249000549
0.0516868308186531
0
0.0
0
0.0
2
0
36
10
-1.0
2
0
18
5
2.0
20
5
18
5
2.0
0
-0.1155257001519203
-0.6091110110282898
0.0922980234026909
0
0.0
0
0.0
26
1
2
1
-1.0
26
1
1
1
2.0
0
0
0
0
0.0
0
4.575803905026987e-5
-0.2418815940618515
0.1120527014136314
0
0.0
0
0.0
15
2
12
9
-1.0
18
2
6
9
2.0
0
0
0
0
0.0
0
0.0836199671030045
-0.1659141927957535
0.2994615137577057
0
0.0
0
0.0
31
4
9
6
-1.0
34
4
3
6
3.0
0
0
0
0
0.0
0
-0.001705514034256339
0.066100686788559
-0.1783421933650971
0
0.0
0
0.0
5
0
10
6
-1.0
5
2
10
2
3.0
0
0
0
0
0.0
0
-0.0502557195723057
0.5084115266799927
-0.10191909968853
0
0.0
0
0.0
35
2
3
4
-1.0
34
3
3
2
2.0
0
0
0
0
0.0
1
-0.0144934700801969
0.3341130018234253
-0.0912953317165375
0
0.0
0
0.0
5
9
6
2
-1.0
7
9
2
2
3.0
0
0
0
0
0.0
0
0.006677335128188133
0.070742093026638
-0.7194135189056396
0
0.0
0
0.0
40
5
4
2
-1.0
40
5
2
2
2.0
0
0
0
0
0.0
0
-0.002490272046998143
0.2712225914001465
-0.2811850011348724
0
0.0
0
0.0
19
0
3
3
-1.0
20
1
1
1
9.0
0
0
0
0
0.0
0
0.005966877099126577
0.0868900194764137
-0.5510246753692627
0
0.0
0
0.0
31
0
11
4
-1.0
31
1
11
2
2.0
0
0
0
0
0.0
0
0.008992387913167477
-0.1115676984190941
0.1831274032592773
0
0.0
0
0.0
5
0
15
1
-1.0
10
0
5
1
3.0
0
0
0
0
0.0
0
-0.001876116963103414
0.1658319979906082
-0.2982378900051117
0
0.0
0
0.0
17
8
12
2
-1.0
23
8
6
1
2.0
17
9
6
1
2.0
0
0.004469180945307016
0.06762599945068359
-0.5999578833580017
0
0.0
0
0.0
19
2
6
9
-1.0
22
2
3
9
2.0
0
0
0
0
0.0
0
0.0495137684047222
-0.1185320988297463
0.4067130982875824
0
0.0
0
0.0
32
1
6
10
-1.0
34
1
2
10
3.0
0
0
0
0
0.0
0
-0.0520960614085197
-0.4905096888542175
0.0444507598876953
0
0.0
0
0.0
5
2
9
6
-1.0
8
4
3
2
9.0
0
0
0
0
0.0
0
-0.0575406104326248
0.2216338068246841
-0.2269773036241531
0
0.0
0
0.0
29
0
2
3
-1.0
28
1
2
1
3.0
0
0
0
0
0.0
1
-0.0120270904153585
-0.7831586003303528
0.0252257809042931
0
0.0
0
0.0
16
0
3
2
-1.0
17
1
1
2
3.0
0
0
0
0
0.0
1
0.004359230864793062
0.07844576239585881
-0.5439990162849426
0
0.0
0
0.0
34
8
6
3
-1.0
36
8
2
3
3.0
0
0
0
0
0.0
0
0.0108451396226883
0.0435322597622871
-0.7530106902122498
0
0.0
0
0.0
2
5
2
1
-1.0
3
5
1
1
2.0
0
0
0
0
0.0
0
-0.0002246462972834706
0.1888168007135391
-0.2168412953615189
0
0.0
0
0.0
-1.664345979690552
6
3
33
2
-1.0
17
3
11
2
3.0
0
0
0
0
0.0
0
0.1516757011413574
-0.3124355971813202
0.3971425890922546
0
0.0
0
0.0
35
2
4
3
-1.0
36
3
2
3
2.0
0
0
0
0
0.0
1
-0.005624353885650635
0.2844352126121521
-0.4688800871372223
0
0.0
0
0.0
5
5
9
2
-1.0
8
5
3
2
3.0
0
0
0
0
0.0
0
-0.0133634200319648
0.2984715104103088
-0.2897408902645111
0
0.0
0
0.0
17
1
12
10
-1.0
21
1
4
10
3.0
0
0
0
0
0.0
0
0.1197357997298241
-0.2505994141101837
0.3698031008243561
0
0.0
0
0.0
0
4
11
6
-1.0
0
7
11
3
2.0
0
0
0
0
0.0
0
0.0295380298048258
-0.5330228209495544
0.1954060941934586
0
0.0
0
0.0
29
9
11
2
-1.0
29
10
11
1
2.0
0
0
0
0
0.0
0
0.002287609968334436
-0.3935618102550507
0.2245559990406036
0
0.0
0
0.0
17
1
2
1
-1.0
18
1
1
1
2.0
0
0
0
0
0.0
0
3.336978988954797e-5
-0.4254043102264404
0.124747097492218
0
0.0
0
0.0
31
0
11
4
-1.0
31
1
11
2
2.0
0
0
0
0
0.0
0
0.0122035900130868
-0.111175000667572
0.3303545117378235
0
0.0
0
0.0
2
1
32
6
-1.0
2
1
16
3
2.0
18
4
16
3
2.0
0
0.0288315303623676
-0.2619040906429291
0.2602139115333557
0
0.0
0
0.0
21
9
6
2
-1.0
24
9
3
1
2.0
21
10
3
1
2.0
0
0.002315724035724998
0.0526180006563663
-0.6187260746955872
0
0.0
0
0.0
17
9
10
2
-1.0
17
9
5
1
2.0
22
10
5
1
2.0
0
0.003328836988657713
0.0794652178883553
-0.6154335141181946
0
0.0
0
0.0
41
4
4
6
-1.0
41
4
2
6
2.0
0
0
0
0
0.0
0
-0.004165059886872768
0.22358900308609
-0.2817305028438568
0
0.0
0
0.0
4
0
10
6
-1.0
4
2
10
2
3.0
0
0
0
0
0.0
0
-0.0555344186723232
0.5337057113647461
-0.09784734249115
0
0.0
0
0.0
13
0
21
1
-1.0
20
0
7
1
3.0
0
0
0
0
0.0
0
0.0104300398379564
-0.3193646967411041
0.1322222054004669
0
0.0
0
0.0
3
0
39
9
-1.0
16
3
13
3
9.0
0
0
0
0
0.0
0
0.737310528755188
0.0856522768735886
-0.5683274865150452
0
0.0
0
0.0
30
9
11
2
-1.0
30
10
11
1
2.0
0
0
0
0
0.0
0
0.0211063101887703
0.010350720025599
-0.4362475872039795
0
0.0
0
0.0
5
9
11
2
-1.0
5
10
11
1
2.0
0
0
0
0
0.0
0
0.001839456963352859
-0.3025861084461212
0.1825274974107742
0
0.0
0
0.0
20
9
8
2
-1.0
24
9
4
1
2.0
20
10
4
1
2.0
0
-0.006262688897550106
-0.7030578255653381
0.0345668382942677
0
0.0
0
0.0
1
5
6
3
-1.0
3
5
2
3
3.0
0
0
0
0
0.0
0
-0.002587243914604187
0.1959318071603775
-0.2503960132598877
0
0.0
0
0.0
29
0
6
3
-1.0
31
0
2
3
3.0
0
0
0
0
0.0
0
0.007965186610817909
0.056051678955555
-0.4854215979576111
0
0.0
0
0.0
3
0
39
9
-1.0
16
3
13
3
9.0
0
0
0
0
0.0
0
-0.2649461030960083
-0.7481368184089661
0.0572923310101032
0
0.0
0
0.0
34
1
5
3
-1.0
34
2
5
1
3.0
0
0
0
0
0.0
0
-0.008769609034061432
0.5502753257751465
-0.0981863886117935
0
0.0
0
0.0
10
0
6
3
-1.0
12
0
2
3
3.0
0
0
0
0
0.0
0
0.009360768832266331
0.0879649519920349
-0.6328374147415161
0
0.0
0
0.0
33
1
8
3
-1.0
33
2
8
1
3.0
0
0
0
0
0.0
0
0.006731544155627489
-0.1199072003364563
0.2605029046535492
0
0.0
0
0.0
16
9
10
2
-1.0
16
9
5
1
2.0
21
10
5
1
2.0
0
-0.004870506934821606
-0.6705402135849
0.0683697164058685
0
0.0
0
0.0
19
5
9
6
-1.0
22
5
3
6
3.0
0
0
0
0
0.0
0
-0.0335185006260872
0.4375419020652771
-0.0559873282909393
0
0.0
0
0.0
16
9
12
2
-1.0
20
9
4
2
3.0
0
0
0
0
0.0
0
0.007608646061271429
-0.2525339126586914
0.1985495984554291
0
0.0
0
0.0
24
10
20
1
-1.0
24
10
10
1
2.0
0
0
0
0
0.0
0
0.0183347892016172
0.08308360725641251
-0.4910973012447357
0
0.0
0
0.0
18
0
2
1
-1.0
18
0
1
1
2.0
0
0
0
0
0.0
1
-0.002730590989813209
-0.4816663861274719
0.0870301127433777
0
0.0
0
0.0
24
10
20
1
-1.0
24
10
10
1
2.0
0
0
0
0
0.0
0
-0.0253080893307924
-0.5137035250663757
0.0317759402096272
0
0.0
0
0.0
0
0
1
8
-1.0
0
4
1
4
2.0
0
0
0
0
0.0
0
-0.006714888848364353
-0.4641964137554169
0.0869181528687477
0
0.0
0
0.0
24
10
20
1
-1.0
24
10
10
1
2.0
0
0
0
0
0.0
0
-0.001379647990688682
0.1136436015367508
-0.1099784001708031
0
0.0
0
0.0
1
10
20
1
-1.0
11
10
10
1
2.0
0
0
0
0
0.0
0
-0.017988620325923
-0.56473308801651
0.0848380699753761
0
0.0
0
0.0
42
7
3
4
-1.0
42
9
3
2
2.0
0
0
0
0
0.0
0
0.000120486700325273
-0.3359489142894745
0.1181958019733429
0
0.0
0
0.0
6
9
6
2
-1.0
8
9
2
2
3.0
0
0
0
0
0.0
0
-0.007399712223559618
-0.7110918760299683
0.050271350890398
0
0.0
0
0.0
33
1
6
3
-1.0
33
2
6
1
3.0
0
0
0
0
0.0
0
-0.004439527168869972
0.2403811067342758
-0.08481854200363161
0
0.0
0
0.0
-1.570093989372253
12
4
3
2
-1.0
13
5
1
2
3.0
0
0
0
0
0.0
1
0.006783737801015377
-0.2447407990694046
0.5237346291542053
0
0.0
0
0.0
26
1
11
8
-1.0
26
3
11
4
2.0
0
0
0
0
0.0
0
-0.0263042896986008
0.2338152974843979
-0.423664391040802
0
0.0
0
0.0
3
4
30
3
-1.0
18
4
15
3
2.0
0
0
0
0
0.0
0
0.0705524832010269
-0.4806838035583496
0.2167425006628037
0
0.0
0
0.0
17
0
12
9
-1.0
21
0
4
9
3.0
0
0
0
0
0.0
0
0.1158863976597786
-0.2149966955184937
0.2675358057022095
0
0.0
0
0.0
2
0
9
4
-1.0
2
1
9
2
2.0
0
0
0
0
0.0
0
0.0100489500910044
-0.2059427052736282
0.4048427939414978
0
0.0
0
0.0
19
0
12
1
-1.0
22
0
6
1
2.0
0
0
0
0
0.0
0
0.0146281700581312
0.0451952703297138
-0.4338223934173584
0
0.0
0
0.0
7
0
28
5
-1.0
14
0
14
5
2.0
0
0
0
0
0.0
0
0.1069151982665062
-0.4000534117221832
0.1565358936786652
0
0.0
0
0.0
26
5
11
6
-1.0
26
8
11
3
2.0
0
0
0
0
0.0
0
0.0215446706861258
-0.3836944103240967
0.1253671050071716
0
0.0
0
0.0
4
5
4
2
-1.0
5
5
2
2
2.0
0
0
0
0
0.0
0
0.005060746800154448
-0.1373002976179123
0.5311831831932068
0
0.0
0
0.0
40
7
5
4
-1.0
40
9
5
2
2.0
0
0
0
0
0.0
0
-0.004903980996459723
-0.6946039199829102
0.0771185681223869
0
0.0
0
0.0
5
5
34
6
-1.0
5
5
17
3
2.0
22
8
17
3
2.0
0
0.0555920600891113
0.0849511027336121
-0.6161080002784729
0
0.0
0
0.0
7
2
38
3
-1.0
7
2
19
3
2.0
0
0
0
0
0.0
0
-0.0539596788585186
-0.378260999917984
0.033103808760643
0
0.0
0
0.0
3
8
1
2
-1.0
3
9
1
1
2.0
0
0
0
0
0.0
0
3.640143040684052e-5
-0.3671151995658875
0.1344677954912186
0
0.0
0
0.0
31
7
2
2
-1.0
31
7
1
2
2.0
0
0
0
0
0.0
1
-0.005541165824979544
-0.5740044116973877
0.07429201900959009
0
0.0
0
0.0
0
0
45
9
-1.0
15
3
15
3
9.0
0
0
0
0
0.0
0
0.7908669114112854
0.0774227529764175
-0.6365330815315247
0
0.0
0
0.0
35
9
6
2
-1.0
37
9
2
2
3.0
0
0
0
0
0.0
0
0.004492444917559624
0.0685045272111893
-0.5327309966087341
0
0.0
0
0.0
4
9
6
2
-1.0
6
9
2
2
3.0
0
0
0
0
0.0
0
-0.006872197147458792
-0.6515179872512817
0.0649006888270378
0
0.0
0
0.0
19
5
9
6
-1.0
22
5
3
6
3.0
0
0
0
0
0.0
0
0.0464545413851738
-0.1123898029327393
0.2074414044618607
0
0.0
0
0.0
7
2
3
3
-1.0
7
3
3
1
3.0
0
0
0
0
0.0
0
0.006035563070327044
-0.0887570977211
0.5474855899810791
0
0.0
0
0.0
22
9
2
2
-1.0
23
9
1
1
2.0
22
10
1
1
2.0
0
0.0003994423022959381
0.0866240411996841
-0.4693656861782074
0
0.0
0
0.0
5
3
8
2
-1.0
5
4
8
1
2.0
0
0
0
0
0.0
0
0.007504059933125973
-0.0921164527535439
0.5366359949111938
0
0.0
0
0.0
20
2
8
9
-1.0
22
2
4
9
2.0
0
0
0
0
0.0
0
-0.015840120613575
0.3811694979667664
-0.06954847276210779
0
0.0
0
0.0
3
9
8
2
-1.0
5
9
4
2
2.0
0
0
0
0
0.0
0
0.005785948131233454
0.0808151513338089
-0.5512672066688538
0
0.0
0
0.0
32
3
6
7
-1.0
34
3
2
7
3.0
0
0
0
0
0.0
0
-0.0068534379824996
0.2017164975404739
-0.2981612980365753
0
0.0
0
0.0
5
0
8
2
-1.0
9
0
4
2
2.0
0
0
0
0
0.0
0
-3.21466286550276e-5
0.1627535969018936
-0.2566182911396027
0
0.0
0
0.0
12
0
22
6
-1.0
23
0
11
3
2.0
12
3
11
3
2.0
0
0.0483935698866844
0.0688307136297226
-0.5760238766670227
0
0.0
0
0.0
14
1
16
6
-1.0
14
1
8
3
2.0
22
4
8
3
2.0
0
0.0459545888006687
0.0570243299007416
-0.6528798937797546
0
0.0
0
0.0
30
0
6
4
-1.0
32
0
2
4
3.0
0
0
0
0
0.0
0
0.001172163058072329
0.1044374033808708
-0.2383860051631928
0
0.0
0
0.0
4
4
4
2
-1.0
4
4
2
1
2.0
6
5
2
1
2.0
0
0.004083705134689808
-0.0812310427427292
0.5090131163597107
0
0.0
0
0.0
30
0
6
4
-1.0
32
0
2
4
3.0
0
0
0
0
0.0
0
-0.0164863802492619
-0.5516451001167297
0.0650377720594406
0
0.0
0
0.0
9
0
6
4
-1.0
11
0
2
4
3.0
0
0
0
0
0.0
0
-0.0158996805548668
-0.6092929840087891
0.0601791404187679
0
0.0
0
0.0
22
9
2
2
-1.0
23
9
1
1
2.0
22
10
1
1
2.0
0
-0.0003739222884178162
-0.4709204137325287
0.09432756900787349
0
0.0
0
0.0
17
5
9
6
-1.0
20
5
3
6
3.0
0
0
0
0
0.0
0
0.0451714508235455
-0.157231405377388
0.2575055062770844
0
0.0
0
0.0
30
5
4
2
-1.0
31
5
2
2
2.0
0
0
0
0
0.0
0
0.003919472917914391
-0.1199349015951157
0.4145897924900055
0
0.0
0
0.0
2
1
2
2
-1.0
2
1
2
1
2.0
0
0
0
0
0.0
1
0.004855198785662651
0.0840639695525169
-0.5154470205307007
0
0.0
0
0.0
19
7
12
4
-1.0
23
7
4
4
3.0
0
0
0
0
0.0
0
0.0497271716594696
-0.08061811327934271
0.2851048111915588
0
0.0
0
0.0
7
2
10
6
-1.0
7
4
10
2
3.0
0
0
0
0
0.0
0
-0.0259798001497984
0.2087969928979874
-0.1992343962192535
0
0.0
0
0.0
-1.561615943908691
11
5
3
2
-1.0
12
5
1
2
3.0
0
0
0
0
0.0
0
0.003688188036903739
-0.2008984982967377
0.5875923037528992
0
0.0
0
0.0
8
3
30
2
-1.0
18
3
10
2
3.0
0
0
0
0
0.0
0
0.1251426041126251
-0.3375056087970734
0.3042429983615875
0
0.0
0
0.0
6
0
6
4
-1.0
6
1
6
2
2.0
0
0
0
0
0.0
0
0.0107610300183296
-0.1700477004051209
0.4131394922733307
0
0.0
0
0.0
7
3
32
8
-1.0
23
3
16
4
2.0
7
7
16
4
2.0
0
0.0579194091260433
0.1178041994571686
-0.5837575197219849
0
0.0
0
0.0
7
3
3
8
-1.0
7
7
3
4
2.0
0
0
0
0
0.0
0
0.0142780495807529
-0.5259978771209717
0.1302458941936493
0
0.0
0
0.0
17
0
12
11
-1.0
21
0
4
11
3.0
0
0
0
0
0.0
0
0.09277033805847169
-0.2880378067493439
0.2091802954673767
0
0.0
0
0.0
0
9
3
2
-1.0
0
10
3
1
2.0
0
0
0
0
0.0
0
-0.001268730033189058
-0.6854526996612549
0.06796971708536149
0
0.0
0
0.0
31
5
9
6
-1.0
34
5
3
6
3.0
0
0
0
0
0.0
0
-0.004158687777817249
0.1577699035406113
-0.3706142902374268
0
0.0
0
0.0
6
1
2
6
-1.0
4
3
2
2
3.0
0
0
0
0
0.0
1
-0.002648673951625824
0.141157403588295
-0.3878993093967438
0
0.0
0
0.0
27
1
2
1
-1.0
27
1
1
1
2.0
0
0
0
0
0.0
0
3.35130789608229e-5
-0.1704705953598023
0.09149107336998
0
0.0
0
0.0
16
0
8
1
-1.0
18
0
4
1
2.0
0
0
0
0
0.0
0
4.181400072411634e-5
-0.3362986147403717
0.1561553031206131
0
0.0
0
0.0
33
2
6
3
-1.0
33
3
6
1
3.0
0
0
0
0
0.0
0
-0.0105799995362759
0.5177596211433411
-0.1234643012285233
0
0.0
0
0.0
6
2
6
3
-1.0
6
3
6
1
3.0
0
0
0
0
0.0
0
0.009694522246718407
-0.09317281097173689
0.5456228852272034
0
0.0
0
0.0
31
5
9
6
-1.0
34
5
3
6
3.0
0
0
0
0
0.0
0
0.0251239091157913
0.0292009394615889
-0.3956165015697479
0
0.0
0
0.0
5
5
9
6
-1.0
8
5
3
6
3.0
0
0
0
0
0.0
0
-1.900989082059823e-5
0.1341307014226914
-0.3593293130397797
0
0.0
0
0.0
21
9
4
2
-1.0
23
9
2
1
2.0
21
10
2
1
2.0
0
0.001108546042814851
0.07044717669487
-0.5017598271369934
0
0.0
0
0.0
15
5
12
6
-1.0
19
5
4
6
3.0
0
0
0
0
0.0
0
0.0846463814377785
-0.1407739967107773
0.2932718098163605
0
0.0
0
0.0
20
0
6
11
-1.0
20
0
3
11
2.0
0
0
0
0
0.0
0
-0.046889279037714
0.5417395234107971
-0.07283893227577209
0
0.0
0
0.0
1
7
32
2
-1.0
9
7
16
2
2.0
0
0
0
0
0.0
0
-0.0199442394077778
-0.4986597895622253
0.095483623445034
0
0.0
0
0.0
24
7
11
4
-1.0
24
9
11
2
2.0
0
0
0
0
0.0
0
0.002334604971110821
-0.3493682146072388
0.08655150234699251
0
0.0
0
0.0
6
1
7
4
-1.0
6
2
7
2
2.0
0
0
0
0
0.0
0
-0.01252446975559
0.4231724143028259
-0.1062488034367561
0
0.0
0
0.0
34
0
5
3
-1.0
34
1
5
1
3.0
0
0
0
0
0.0
0
0.007497129030525684
-0.07712192088365551
0.3311249911785126
0
0.0
0
0.0
6
0
5
3
-1.0
6
1
5
1
3.0
0
0
0
0
0.0
0
-0.004303860012441874
0.4462710022926331
-0.0974933505058289
0
0.0
0
0.0
35
9
4
2
-1.0
36
9
2
2
2.0
0
0
0
0
0.0
0
-0.002437673974782228
-0.63246351480484
0.072243332862854
0
0.0
0
0.0
16
1
2
2
-1.0
16
1
1
2
2.0
0
0
0
0
0.0
1
0.004006868228316307
0.07451100647449491
-0.5288599133491516
0
0.0
0
0.0
7
0
34
8
-1.0
24
0
17
4
2.0
7
4
17
4
2.0
0
0.1693582981824875
0.0192001909017563
-0.9361991286277771
0
0.0
0
0.0
17
0
2
3
-1.0
17
0
1
3
2.0
0
0
0
0
0.0
1
-0.005164091009646654
-0.4525282979011536
0.08375308662652969
0
0.0
0
0.0
35
9
4
2
-1.0
36
9
2
2
2.0
0
0
0
0
0.0
0
0.002130147069692612
0.0590294115245342
-0.5948619246482849
0
0.0
0
0.0
8
0
9
2
-1.0
11
0
3
2
3.0
0
0
0
0
0.0
0
-0.00104918098077178
0.1482004970312119
-0.2572931051254273
0
0.0
0
0.0
34
6
4
3
-1.0
34
7
4
1
3.0
0
0
0
0
0.0
0
0.006507787853479385
-0.1097851023077965
0.4835182130336762
0
0.0
0
0.0
20
9
4
2
-1.0
20
9
2
1
2.0
22
10
2
1
2.0
0
0.001079106004908681
0.085893951356411
-0.4989733099937439
0
0.0
0
0.0
34
9
6
2
-1.0
36
9
2
2
3.0
0
0
0
0
0.0
0
-0.0113274296745658
-0.8853577971458435
0.0125310197472572
0
0.0
0
0.0
18
2
8
9
-1.0
22
2
4
9
2.0
0
0
0
0
0.0
0
-0.07909019291400909
0.5353099703788757
-0.0705346763134003
0
0.0
0
0.0
21
5
12
6
-1.0
25
5
4
6
3.0
0
0
0
0
0.0
0
0.08939298987388609
-0.0239771790802479
0.5472316741943359
0
0.0
0
0.0
14
7
8
4
-1.0
16
7
4
4
2.0
0
0
0
0
0.0
0
-0.0116421598941088
0.2497332990169525
-0.14847369492054
0
0.0
0
0.0
25
1
6
4
-1.0
25
1
3
4
2.0
0
0
0
0
0.0
1
0.07816906273365019
0.04763562977314
-0.5139645934104919
0
0.0
0
0.0
15
7
2
2
-1.0
15
7
2
1
2.0
0
0
0
0
0.0
1
-0.005254259798675776
-0.4859730005264282
0.0724953785538673
0
0.0
0
0.0
24
7
11
4
-1.0
24
9
11
2
2.0
0
0
0
0
0.0
0
0.0583055093884468
0.0162678994238377
-0.5886459946632385
0
0.0
0
0.0
10
7
11
4
-1.0
10
9
11
2
2.0
0
0
0
0
0.0
0
0.005859191995114088
-0.3192627131938934
0.1347427070140839
0
0.0
0
0.0
32
5
3
2
-1.0
33
5
1
2
3.0
0
0
0
0
0.0
0
-0.002937333891168237
0.4283975958824158
-0.092287540435791
0
0.0
0
0.0
15
9
2
2
-1.0
15
9
1
1
2.0
16
10
1
1
2.0
0
-3.739109888556413e-5
0.2044845968484879
-0.1851540058851242
0
0.0
0
0.0
-1.475178956985474
11
2
3
4
-1.0
12
3
1
4
3.0
0
0
0
0
0.0
1
-0.006179118994623423
0.2858026921749115
-0.3700585067272186
0
0.0
0
0.0
21
0
12
5
-1.0
21
0
6
5
2.0
0
0
0
0
0.0
0
0.0418217703700066
-0.5357587933540344
0.1682717055082321
0
0.0
0
0.0
6
4
3
4
-1.0
6
6
3
2
2.0
0
0
0
0
0.0
0
0.0057136882096529
-0.3200174868106842
0.2682298123836517
0
0.0
0
0.0
38
7
7
4
-1.0
38
9
7
2
2.0
0
0
0
0
0.0
0
0.002865046029910445
-0.4246250987052918
0.1382745951414108
0
0.0
0
0.0
21
4
3
4
-1.0
21
4
3
2
2.0
0
0
0
0
0.0
1
0.002946096006780863
-0.3978421986103058
0.2065467983484268
0
0.0
0
0.0
35
0
7
4
-1.0
35
1
7
2
2.0
0
0
0
0
0.0
0
0.004648370202630758
-0.1907518059015274
0.2478605061769486
0
0.0
0
0.0
0
7
6
4
-1.0
0
9
6
2
2.0
0
0
0
0
0.0
0
0.002322803949937224
-0.5213400721549988
0.1056229025125504
0
0.0
0
0.0
33
3
6
8
-1.0
35
3
2
8
3.0
0
0
0
0
0.0
0
-0.007439310196787119
0.1678518056869507
-0.215616300702095
0
0.0
0
0.0
15
0
4
1
-1.0
17
0
2
1
2.0
0
0
0
0
0.0
0
0.0002829965960700065
-0.3806549906730652
0.1493480950593948
0
0.0
0
0.0
30
2
12
9
-1.0
34
2
4
9
3.0
0
0
0
0
0.0
0
-0.0132823698222637
0.0860496163368225
-0.2377997934818268
0
0.0
0
0.0
5
2
3
3
-1.0
6
3
1
3
3.0
0
0
0
0
0.0
1
-0.0114170601591468
0.4011794030666351
-0.1348436027765274
0
0.0
0
0.0
30
3
12
8
-1.0
34
3
4
8
3.0
0
0
0
0
0.0
0
-0.1476902067661285
-0.4884426891803742
0.0159332603216171
0
0.0
0
0.0
3
3
12
8
-1.0
7
3
4
8
3.0
0
0
0
0
0.0
0
-0.0003228411951567978
0.1182610020041466
-0.3862318992614746
0
0.0
0
0.0
24
8
2
2
-1.0
25
8
1
1
2.0
24
9
1
1
2.0
0
-3.673072933452204e-5
0.1051127016544342
-0.1233211010694504
0
0.0
0
0.0
19
8
2
2
-1.0
19
8
1
1
2.0
20
9
1
1
2.0
0
0.0004310334916226566
0.0800743401050568
-0.5640835165977478
0
0.0
0
0.0
24
8
2
2
-1.0
25
8
1
1
2.0
24
9
1
1
2.0
0
-0.0008761148201301694
-0.4112376868724823
0.0354818105697632
0
0.0
0
0.0
19
8
2
2
-1.0
19
8
1
1
2.0
20
9
1
1
2.0
0
-0.0003601211064960808
-0.3928872048854828
0.1072937995195389
0
0.0
0
0.0
20
0
22
2
-1.0
31
0
11
1
2.0
20
1
11
1
2.0
0
0.0113291796296835
-0.077669121325016
0.3063041865825653
0
0.0
0
0.0
3
0
22
2
-1.0
3
0
11
1
2.0
14
1
11
1
2.0
0
-0.008594224229454994
0.4026220142841339
-0.1134836971759796
0
0.0
0
0.0
29
0
3
9
-1.0
30
3
1
3
9.0
0
0
0
0
0.0
0
-0.011088109575212
0.1311223059892654
-0.1658211052417755
0
0.0
0
0.0
12
4
6
3
-1.0
14
4
2
3
3.0
0
0
0
0
0.0
0
-0.002396212890744209
0.1844637989997864
-0.2124554067850113
0
0.0
0
0.0
41
0
4
2
-1.0
42
1
2
2
2.0
0
0
0
0
0.0
1
0.00144913699477911
0.1329172998666763
-0.3422419130802155
0
0.0
0
0.0
6
9
4
2
-1.0
7
9
2
2
2.0
0
0
0
0
0.0
0
-0.002347113098949194
-0.5937396883964539
0.0526771508157253
0
0.0
0
0.0
21
5
12
4
-1.0
25
5
4
4
3.0
0
0
0
0
0.0
0
-0.0330210588872433
0.2065508961677551
-0.1164072006940842
0
0.0
0
0.0
10
0
11
9
-1.0
10
3
11
3
3.0
0
0
0
0
0.0
0
-0.0175966992974281
0.1161578968167305
-0.2877149879932404
0
0.0
0
0.0
1
4
44
6
-1.0
23
4
22
3
2.0
1
7
22
3
2.0
0
0.09061556309461589
0.0494296513497829
-0.5959839224815369
0
0.0
0
0.0
1
1
42
9
-1.0
15
4
14
3
9.0
0
0
0
0
0.0
0
-0.419732391834259
-0.9176278710365295
0.0291445106267929
0
0.0
0
0.0
39
4
3
2
-1.0
40
5
1
2
3.0
0
0
0
0
0.0
1
-0.004525659140199423
0.3092944920063019
-0.1158910989761353
0
0.0
0
0.0
1
3
2
6
-1.0
2
3
1
6
2.0
0
0
0
0
0.0
0
-3.179259874741547e-5
0.123007096350193
-0.2696146965026856
0
0.0
0
0.0
33
3
3
3
-1.0
32
4
3
1
3.0
0
0
0
0
0.0
1
0.009304851293563843
-0.1631172001361847
0.4543595910072327
0
0.0
0
0.0
16
0
12
11
-1.0
22
0
6
11
2.0
0
0
0
0
0.0
0
0.1818266957998276
-0.0654629319906235
0.5240393280982971
0
0.0
0
0.0
24
6
11
4
-1.0
24
8
11
2
2.0
0
0
0
0
0.0
0
0.007640495896339417
-0.2845597863197327
0.0992625430226326
0
0.0
0
0.0
15
9
12
1
-1.0
19
9
4
1
3.0
0
0
0
0
0.0
0
0.005815545096993446
-0.1807647943496704
0.1917788982391357
0
0.0
0
0.0
33
3
3
3
-1.0
32
4
3
1
3.0
0
0
0
0
0.0
1
0.0204726494848728
-0.0425470508635044
0.4989938139915466
0
0.0
0
0.0
12
3
3
3
-1.0
13
4
1
3
3.0
0
0
0
0
0.0
1
-0.009948459453880787
0.458646297454834
-0.08207307010889051
0
0.0
0
0.0
30
0
6
2
-1.0
32
0
2
2
3.0
0
0
0
0
0.0
0
0.005683518946170807
0.0704604163765907
-0.4919121861457825
0
0.0
0
0.0
10
9
4
2
-1.0
10
10
4
1
2.0
0
0
0
0
0.0
0
0.00068594329059124
-0.257220596075058
0.1333848983049393
0
0.0
0
0.0
42
0
2
3
-1.0
42
0
1
3
2.0
0
0
0
0
0.0
1
0.008532514795660973
0.0542962700128555
-0.4859777092933655
0
0.0
0
0.0
3
0
3
2
-1.0
3
0
3
1
2.0
0
0
0
0
0.0
1
-0.002918899059295654
-0.3684445917606354
0.0876302868127823
0
0.0
0
0.0
37
2
3
4
-1.0
37
3
3
2
2.0
0
0
0
0
0.0
0
-0.005180987995117903
0.2687276005744934
-0.1306326985359192
0
0.0
0
0.0
5
0
9
4
-1.0
5
1
9
2
2.0
0
0
0
0
0.0
0
-0.009366942569613457
0.37982439994812
-0.08497036248445509
0
0.0
0
0.0
43
9
2
2
-1.0
43
10
2
1
2.0
0
0
0
0
0.0
0
0.00214936095289886
0.0673641711473465
-0.3813815116882324
0
0.0
0
0.0
14
0
14
2
-1.0
14
0
7
1
2.0
21
1
7
1
2.0
0
0.007913305424153805
0.0611798018217087
-0.4712427854537964
0
0.0
0
0.0
34
6
4
2
-1.0
34
7
4
1
2.0
0
0
0
0
0.0
0
0.003365165088325739
-0.194069504737854
0.169578492641449
0
0.0
0
0.0
18
0
8
1
-1.0
20
0
4
1
2.0
0
0
0
0
0.0
0
5.975261956336908e-5
-0.3129621148109436
0.09824444353580471
0
0.0
0
0.0
23
6
4
4
-1.0
23
6
2
4
2.0
0
0
0
0
0.0
0
-0.004890582989901304
0.2401164025068283
-0.0405179113149643
0
0.0
0
0.0
0
9
44
2
-1.0
0
9
22
1
2.0
22
10
22
1
2.0
0
-0.0166922602802515
-0.5829721093177795
0.0518608801066875
0
0.0
0
0.0
10
0
32
5
-1.0
10
0
16
5
2.0
0
0
0
0
0.0
0
0.2694517970085144
0.0212223697453737
-0.506509006023407
0
0.0
0
0.0
3
0
32
5
-1.0
19
0
16
5
2.0
0
0
0
0
0.0
0
0.2598569989204407
0.0430213287472725
-0.6970685124397278
0
0.0
0
0.0
-1.58960497379303
12
4
3
3
-1.0
13
5
1
3
3.0
0
0
0
0
0.0
1
0.009647924453020096
-0.2149965018033981
0.4506401121616364
0
0.0
0
0.0
19
0
18
7
-1.0
19
0
9
7
2.0
0
0
0
0
0.0
0
0.1170708984136581
-0.4592719972133637
0.1499751061201096
0
0.0
0
0.0
10
2
3
4
-1.0
9
3
3
2
2.0
0
0
0
0
0.0
1
-0.007284318096935749
0.2055986970663071
-0.3498862087726593
0
0.0
0
0.0
24
2
2
1
-1.0
24
2
1
1
2.0
0
0
0
0
0.0
0
4.301729131839238e-5
-0.2912847995758057
0.1447937935590744
0
0.0
0
0.0
5
2
10
4
-1.0
5
3
10
2
2.0
0
0
0
0
0.0
0
-0.0163135603070259
0.360995888710022
-0.1488208025693893
0
0.0
0
0.0
12
0
26
9
-1.0
12
0
13
9
2.0
0
0
0
0
0.0
0
0.3846439123153687
0.0471165515482426
-0.5435642004013062
0
0.0
0
0.0
1
9
6
2
-1.0
1
10
6
1
2.0
0
0
0
0
0.0
0
4.473549051908776e-5
-0.4715361893177033
0.1013057008385658
0
0.0
0
0.0
24
2
2
1
-1.0
24
2
1
1
2.0
0
0
0
0
0.0
0
0.002812880091369152
0.0251902397722006
-0.3885841071605682
0
0.0
0
0.0
18
3
9
8
-1.0
21
3
3
8
3.0
0
0
0
0
0.0
0
0.0656641125679016
-0.1998129934072495
0.2782042026519775
0
0.0
0
0.0
26
5
11
6
-1.0
26
8
11
3
2.0
0
0
0
0
0.0
0
0.0366914011538029
-0.3214158117771149
0.0832958593964577
0
0.0
0
0.0
11
5
22
4
-1.0
11
5
11
2
2.0
22
7
11
2
2.0
0
0.0199371706694365
0.0962692573666573
-0.4887213110923767
0
0.0
0
0.0
14
0
20
6
-1.0
24
0
10
3
2.0
14
3
10
3
2.0
0
-0.0481815114617348
-0.436909407377243
0.0408011004328728
0
0.0
0
0.0
7
0
12
3
-1.0
11
0
4
3
3.0
0
0
0
0
0.0
0
-0.006490990053862333
0.1523717045783997
-0.2879317104816437
0
0.0
0
0.0
41
7
4
4
-1.0
41
8
4
2
2.0
0
0
0
0
0.0
0
-0.002171522006392479
-0.4562051892280579
0.0908001735806465
0
0.0
0
0.0
1
3
6
6
-1.0
3
5
2
2
9.0
0
0
0
0
0.0
0
-0.0190357100218534
0.1617525964975357
-0.2411530017852783
0
0.0
0
0.0
28
0
6
4
-1.0
30
0
2
4
3.0
0
0
0
0
0.0
0
-0.0171191804111004
-0.5132644176483154
0.0424724705517292
0
0.0
0
0.0
10
0
6
4
-1.0
12
0
2
4
3.0
0
0
0
0
0.0
0
-0.0182200502604246
-0.7032442092895508
0.0449626408517361
0
0.0
0
0.0
40
2
3
3
-1.0
39
3
3
1
3.0
0
0
0
0
0.0
1
-0.008926510810852051
0.4314051866531372
-0.1915881037712097
0
0.0
0
0.0
10
1
11
8
-1.0
10
3
11
4
2.0
0
0
0
0
0.0
0
-0.0835192427039146
-0.6153619289398193
0.074886828660965
0
0.0
0
0.0
22
8
2
2
-1.0
23
8
1
1
2.0
22
9
1
1
2.0
0
0.0003607225080486387
0.0579051412642002
-0.4123516082763672
0
0.0
0
0.0
7
3
3
3
-1.0
7
4
3
1
3.0
0
0
0
0
0.0
0
0.004999738186597824
-0.0698446407914162
0.5680745840072632
0
0.0
0
0.0
19
0
8
11
-1.0
19
0
4
11
2.0
0
0
0
0
0.0
0
-0.0846046805381775
0.5883864164352417
-0.064438559114933
0
0.0
0
0.0
0
10
22
1
-1.0
11
10
11
1
2.0
0
0
0
0
0.0
0
-0.0257730204612017
-0.7448570132255554
0.058126550167799
0
0.0
0
0.0
12
0
24
6
-1.0
24
0
12
3
2.0
12
3
12
3
2.0
0
0.0869977995753288
0.008315879851579666
-0.5005766749382019
0
0.0
0
0.0
19
5
4
2
-1.0
19
5
4
1
2.0
0
0
0
0
0.0
1
-0.004919336177408695
-0.5026851892471313
0.0622738115489483
0
0.0
0
0.0
40
3
3
3
-1.0
39
4
3
1
3.0
0
0
0
0
0.0
1
0.007937224581837654
-0.1065687015652657
0.4939740896224976
0
0.0
0
0.0
2
4
6
1
-1.0
2
4
3
1
2.0
0
0
0
0
0.0
1
0.002346064895391464
0.07817245274782179
-0.4353787899017334
0
0.0
0
0.0
35
3
10
6
-1.0
35
3
5
6
2.0
0
0
0
0
0.0
0
-0.0241736993193626
0.1493041962385178
-0.1878706067800522
0
0.0
0
0.0
5
2
6
3
-1.0
5
3
6
1
3.0
0
0
0
0
0.0
0
0.005053372122347355
-0.1077732965350151
0.3367913067340851
0
0.0
0
0.0
18
2
18
9
-1.0
24
2
6
9
3.0
0
0
0
0
0.0
0
-0.17847840487957
0.325364887714386
-0.0435284599661827
0
0.0
0
0.0
0
0
1
8
-1.0
0
4
1
4
2.0
0
0
0
0
0.0
0
-0.009297122247517109
-0.5468376278877258
0.0642068088054657
0
0.0
0
0.0
27
0
2
2
-1.0
27
0
2
1
2.0
0
0
0
0
0.0
1
-0.00453316792845726
-0.274022787809372
0.0696792080998421
0
0.0
0
0.0
7
1
26
4
-1.0
7
1
13
2
2.0
20
3
13
2
2.0
0
0.004419696982949972
-0.2673664093017578
0.1277797967195511
0
0.0
0
0.0
34
8
9
3
-1.0
37
8
3
3
3.0
0
0
0
0
0.0
0
-0.02425641939044
-0.7333993911743164
0.0348337702453136
0
0.0
0
0.0
2
8
9
3
-1.0
5
8
3
3
3.0
0
0
0
0
0.0
0
0.0120942499488592
0.06723356246948239
-0.44198140501976
0
0.0
0
0.0
22
8
2
2
-1.0
23
8
1
1
2.0
22
9
1
1
2.0
0
-0.0003166832902934402
-0.3479251861572266
0.0869572535157204
0
0.0
0
0.0
5
3
3
3
-1.0
6
4
1
3
3.0
0
0
0
0
0.0
1
0.006646316032856703
-0.0748405605554581
0.4297528862953186
0
0.0
0
0.0
35
3
10
3
-1.0
35
3
5
3
2.0
0
0
0
0
0.0
0
-0.008721690624952316
0.0659606382250786
-0.1169529035687447
0
0.0
0
0.0
19
2
2
1
-1.0
20
2
1
1
2.0
0
0
0
0
0.0
0
3.827183172688819e-5
-0.2632341980934143
0.1211720034480095
0
0.0
0
0.0
21
3
12
8
-1.0
24
3
6
8
2.0
0
0
0
0
0.0
0
-0.0279251895844936
0.1197874993085861
-0.1062619984149933
0
0.0
0
0.0
0
3
10
3
-1.0
5
3
5
3
2.0
0
0
0
0
0.0
0
-0.003627327969297767
0.1256345957517624
-0.2633624970912933
0
0.0
0
0.0
19
6
9
5
-1.0
22
6
3
5
3.0
0
0
0
0
0.0
0
-0.0118683502078056
0.27150759100914
-0.0586201399564743
0
0.0
0
0.0
19
0
6
11
-1.0
22
0
3
11
2.0
0
0
0
0
0.0
0
0.0441535599529743
-0.1150353029370308
0.3142670094966888
0
0.0
0
0.0
21
0
3
9
-1.0
22
3
1
3
9.0
0
0
0
0
0.0
0
0.0240563601255417
0.0755757391452789
-0.4231755137443543
0
0.0
0
0.0
12
5
2
2
-1.0
12
5
1
1
2.0
13
6
1
1
2.0
0
0.0006973330164328218
-0.0975871905684471
0.328766405582428
0
0.0
0
0.0
20
9
8
2
-1.0
24
9
4
1
2.0
20
10
4
1
2.0
0
-0.006446599029004574
-0.7151030898094177
0.0252250991761684
0
0.0
0
0.0
13
7
2
2
-1.0
13
7
2
1
2.0
0
0
0
0
0.0
1
-0.00818709097802639
-0.766850471496582
0.0325768813490868
0
0.0
0
0.0
31
5
3
3
-1.0
30
6
3
1
3.0
0
0
0
0
0.0
1
-0.002769421087577939
0.2407584935426712
-0.1444685012102127
0
0.0
0
0.0
8
1
3
3
-1.0
8
2
3
1
3.0
0
0
0
0
0.0
0
0.005982732865959406
-0.07963740080595021
0.336481899023056
0
0.0
0
0.0
34
1
4
3
-1.0
34
2
4
1
3.0
0
0
0
0
0.0
0
0.007575970143079758
-0.07728786021471019
0.3606812059879303
0
0.0
0
0.0
7
1
5
3
-1.0
7
2
5
1
3.0
0
0
0
0
0.0
0
-0.003734994912520051
0.3505760133266449
-0.1024150028824806
0
0.0
0
0.0
31
1
1
2
-1.0
31
1
1
1
2.0
0
0
0
0
0.0
1
0.003217329969629645
0.06464490294456481
-0.5068235993385315
0
0.0
0
0.0
21
8
2
2
-1.0
21
8
1
1
2.0
22
9
1
1
2.0
0
0.0005229968810454011
0.0554051995277405
-0.4995099008083344
0
0.0
0
0.0
26
9
10
2
-1.0
26
10
10
1
2.0
0
0
0
0
0.0
0
0.000480989896459505
-0.2483759969472885
0.0749513134360313
0
0.0
0
0.0
-1.531996011734009
9
0
6
3
-1.0
11
2
2
3
3.0
0
0
0
0
0.0
1
-0.0325478985905647
0.257082611322403
-0.3294408917427063
0
0.0
0
0.0
21
0
12
4
-1.0
21
0
6
4
2.0
0
0
0
0
0.0
0
0.0467822700738907
-0.335526704788208
0.1495001018047333
0
0.0
0
0.0
12
5
2
6
-1.0
12
5
1
3
2.0
13
8
1
3
2.0
0
0.001159903011284769
-0.2149461060762405
0.2950156033039093
0
0.0
0
0.0
12
4
30
3
-1.0
12
4
15
3
2.0
0
0
0
0
0.0
0
0.0476444214582443
-0.1712875068187714
0.0994972735643387
0
0.0
0
0.0
4
4
30
3
-1.0
19
4
15
3
2.0
0
0
0
0
0.0
0
0.062301728874445
-0.3829692006111145
0.1846942007541657
0
0.0
0
0.0
39
5
6
6
-1.0
39
8
6
3
2.0
0
0
0
0
0.0
0
0.0163931306451559
-0.487946093082428
0.1913191974163055
0
0.0
0
0.0
2
3
6
4
-1.0
2
3
3
2
2.0
5
5
3
2
2.0
0
0.006329319905489683
-0.1820959001779556
0.283134788274765
0
0.0
0
0.0
25
0
4
1
-1.0
25
0
2
1
2.0
0
0
0
0
0.0
0
0.006457347888499498
0.0393458008766174
-0.5209634900093079
0
0.0
0
0.0
12
10
12
1
-1.0
15
10
6
1
2.0
0
0
0
0
0.0
0
-0.002551842015236616
0.2180961072444916
-0.2021456062793732
0
0.0
0
0.0
27
1
2
1
-1.0
27
1
1
1
2.0
0
0
0
0
0.0
0
0.002644855994731188
-0.009765763767063618
-0.5844091773033142
0
0.0
0
0.0
16
1
2
1
-1.0
17
1
1
1
2.0
0
0
0
0
0.0
0
3.317710070405155e-5
-0.291212409734726
0.1344538927078247
0
0.0
0
0.0
20
0
18
2
-1.0
29
0
9
1
2.0
20
1
9
1
2.0
0
-0.004028728231787682
0.2797578871250153
-0.1085413992404938
0
0.0
0
0.0
16
9
8
2
-1.0
16
9
4
1
2.0
20
10
4
1
2.0
0
0.001750182011164725
0.0802451893687248
-0.5104030966758728
0
0.0
0
0.0
35
2
4
5
-1.0
36
3
2
5
2.0
0
0
0
0
0.0
1
-0.009828986600041389
0.2220333963632584
-0.2527970969676971
0
0.0
0
0.0
7
0
6
3
-1.0
9
0
2
3
3.0
0
0
0
0
0.0
0
-0.0113553004339337
-0.5647733211517334
0.0617882199585438
0
0.0
0
0.0
39
3
4
3
-1.0
38
4
4
1
3.0
0
0
0
0
0.0
1
0.006108494941145182
-0.1297360062599182
0.3168272972106934
0
0.0
0
0.0
14
8
1
2
-1.0
14
8
1
1
2.0
0
0
0
0
0.0
1
-0.0001040670977090485
0.1290712952613831
-0.2594802975654602
0
0.0
0
0.0
31
7
2
2
-1.0
31
7
1
2
2.0
0
0
0
0
0.0
1
0.002601915970444679
0.0484216883778572
-0.5464897155761719
0
0.0
0
0.0
14
7
2
2
-1.0
14
7
2
1
2.0
0
0
0
0
0.0
1
-0.005940315779298544
-0.5511441230773926
0.0597233809530735
0
0.0
0
0.0
32
0
6
9
-1.0
34
0
2
9
3.0
0
0
0
0
0.0
0
-0.004078859928995371
0.0797432884573936
-0.1792725026607513
0
0.0
0
0.0
12
3
3
3
-1.0
13
4
1
3
3.0
0
0
0
0
0.0
1
-0.008813491091132164
0.3801774978637695
-0.0863765701651573
0
0.0
0
0.0
14
1
18
4
-1.0
23
1
9
2
2.0
14
3
9
2
2.0
0
-0.0239835903048515
-0.4964531064033508
0.054226141422987
0
0.0
0
0.0
8
0
4
3
-1.0
9
0
2
3
2.0
0
0
0
0
0.0
0
0.003956939093768597
0.0516635812819004
-0.5679935812950134
0
0.0
0
0.0
39
3
4
3
-1.0
38
4
4
1
3.0
0
0
0
0
0.0
1
-0.013359559699893
0.2372480034828186
-0.0320837795734406
0
0.0
0
0.0
6
3
3
4
-1.0
7
4
1
4
3.0
0
0
0
0
0.0
1
0.008604658767580986
-0.0824632793664932
0.4001151025295258
0
0.0
0
0.0
44
0
1
8
-1.0
44
4
1
4
2.0
0
0
0
0
0.0
0
-0.008489342406392097
-0.5281581878662109
0.06838315725326539
0
0.0
0
0.0
0
5
6
6
-1.0
0
8
6
3
2.0
0
0
0
0
0.0
0
0.007739849854260683
-0.4350892007350922
0.06356771290302279
0
0.0
0
0.0
27
0
2
2
-1.0
27
0
2
1
2.0
0
0
0
0
0.0
1
0.005477834027260542
0.0241151805967093
-0.4536423087120056
0
0.0
0
0.0
18
0
2
2
-1.0
18
0
1
2
2.0
0
0
0
0
0.0
1
-0.005373976193368435
-0.4852677881717682
0.06252983212471
0
0.0
0
0.0
20
3
12
8
-1.0
24
3
4
8
3.0
0
0
0
0
0.0
0
-0.0651551634073257
0.3358686864376068
-0.1196988970041275
0
0.0
0
0.0
9
0
5
2
-1.0
9
1
5
1
2.0
0
0
0
0
0.0
0
0.003108280012384057
-0.09366808831691741
0.3156951069831848
0
0.0
0
0.0
34
0
4
3
-1.0
34
1
4
1
3.0
0
0
0
0
0.0
0
-0.005641140975058079
0.4190236032009125
-0.0524465292692184
0
0.0
0
0.0
0
5
1
6
-1.0
0
8
1
3
2.0
0
0
0
0
0.0
0
0.010050649754703
0.0697155073285103
-0.482795000076294
0
0.0
0
0.0
22
9
2
2
-1.0
23
9
1
1
2.0
22
10
1
1
2.0
0
-0.0006447877967730165
-0.39206001162529
0.0266355704516172
0
0.0
0
0.0
3
9
1
2
-1.0
3
10
1
1
2.0
0
0
0
0
0.0
0
4.286603871150874e-5
-0.2828755080699921
0.0988063216209412
0
0.0
0
0.0
10
3
26
6
-1.0
23
3
13
3
2.0
10
6
13
3
2.0
0
0.0556598007678986
0.0345925614237785
-0.5793660283088684
0
0.0
0
0.0
10
0
11
8
-1.0
10
2
11
4
2.0
0
0
0
0
0.0
0
-0.01902724057436
0.1279810965061188
-0.2225265055894852
0
0.0
0
0.0
40
2
3
3
-1.0
39
3
3
1
3.0
0
0
0
0
0.0
1
-0.005488602910190821
0.2212001979351044
-0.1424780935049057
0
0.0
0
0.0
4
0
20
2
-1.0
9
0
10
2
2.0
0
0
0
0
0.0
0
-0.009197721257805824
0.11419790238142
-0.2536773085594177
0
0.0
0
0.0
21
3
12
8
-1.0
25
3
4
8
3.0
0
0
0
0
0.0
0
0.1561601012945175
-0.0246981307864189
0.6497715711593628
0
0.0
0
0.0
12
3
12
8
-1.0
16
3
4
8
3.0
0
0
0
0
0.0
0
0.1039426997303963
-0.04759182035923
0.670880913734436
0
0.0
0
0.0
15
10
15
1
-1.0
20
10
5
1
3.0
0
0
0
0
0.0
0
0.002372256014496088
-0.2534680068492889
0.1275814026594162
0
0.0
0
0.0
5
2
3
3
-1.0
6
3
1
3
3.0
0
0
0
0
0.0
1
0.006376610137522221
-0.0806954428553581
0.4279245138168335
0
0.0
0
0.0
35
2
4
3
-1.0
36
3
2
3
2.0
0
0
0
0
0.0
1
-0.0133687499910593
0.1052142009139061
-0.0477701015770435
0
0.0
0
0.0
2
3
2
6
-1.0
3
3
1
6
2.0
0
0
0
0
0.0
0
-5.605580008705147e-5
0.1201763972640038
-0.2598378956317902
0
0.0
0
0.0
18
9
10
2
-1.0
23
9
5
1
2.0
18
10
5
1
2.0
0
0.002615334000438452
0.0496119409799576
-0.4055382013320923
0
0.0
0
0.0
5
7
2
2
-1.0
5
7
1
1
2.0
6
8
1
1
2.0
0
-0.0008570487261749804
0.3632655143737793
-0.082753598690033
0
0.0
0
0.0
36
8
4
3
-1.0
37
8
2
3
2.0
0
0
0
0
0.0
0
0.004010078031569719
0.0401565693318844
-0.5621622204780579
0
0.0
0
0.0
20
3
4
8
-1.0
22
3
2
8
2.0
0
0
0
0
0.0
0
0.0157218798995018
-0.1180450022220612
0.2465451955795288
0
0.0
0
0.0
36
9
4
2
-1.0
37
9
2
2
2.0
0
0
0
0
0.0
0
-0.002666892018169165
-0.5406882166862488
0.0436632893979549
0
0.0
0
0.0
15
5
9
6
-1.0
18
5
3
6
3.0
0
0
0
0
0.0
0
0.041414599865675
-0.0829768404364586
0.3388422131538391
0
0.0
0
0.0
28
0
4
4
-1.0
29
0
2
4
2.0
0
0
0
0
0.0
0
0.004818757064640522
0.0434143915772438
-0.4072461128234863
0
0.0
0
0.0
7
2
3
3
-1.0
7
3
3
1
3.0
0
0
0
0
0.0
0
-0.005435660015791655
0.3383021950721741
-0.09036816656589509
0
0.0
0
0.0
33
2
6
1
-1.0
35
4
2
1
3.0
0
0
0
0
0.0
1
-0.004624580033123493
0.0489254184067249
-0.1081843972206116
0
0.0
0
0.0
6
0
6
3
-1.0
6
1
6
1
3.0
0
0
0
0
0.0
0
-0.005091052968055
0.3395316898822784
-0.0778475031256676
0
0.0
0
0.0
28
0
4
4
-1.0
29
0
2
4
2.0
0
0
0
0
0.0
0
-0.006944612134248018
-0.3688277900218964
0.0341559089720249
0
0.0
0
0.0
13
0
4
4
-1.0
14
0
2
4
2.0
0
0
0
0
0.0
0
-0.005296613089740276
-0.4667122066020966
0.0550306998193264
0
0.0
0
0.0
33
2
6
1
-1.0
35
4
2
1
3.0
0
0
0
0
0.0
1
0.008223967626690865
-0.0194188598543406
0.2714818120002747
0
0.0
0
0.0
12
2
1
6
-1.0
10
4
1
2
3.0
0
0
0
0
0.0
1
-0.006960342172533274
0.1386401951313019
-0.2123727053403854
0
0.0
0
0.0
35
1
2
3
-1.0
35
2
2
1
3.0
0
0
0
0
0.0
0
-0.003502797102555633
0.4821687936782837
-0.0895727872848511
0
0.0
0
0.0
19
8
2
2
-1.0
19
8
1
1
2.0
20
9
1
1
2.0
0
-3.356275919941254e-5
0.1775393038988113
-0.1539040952920914
0
0.0
0
0.0
43
6
1
4
-1.0
43
6
1
2
2.0
0
0
0
0
0.0
1
-0.0119058098644018
-0.4490548968315125
0.0487651899456978
0
0.0
0
0.0
2
6
4
1
-1.0
2
6
2
1
2.0
0
0
0
0
0.0
1
0.001040374045260251
0.0691993907094002
-0.3906114101409912
0
0.0
0
0.0
-1.544247984886169
4
3
32
3
-1.0
12
3
16
3
2.0
0
0
0
0
0.0
0
0.1147755011916161
-0.3539234101772308
0.2468626946210861
0
0.0
0
0.0
32
5
6
2
-1.0
34
5
2
2
3.0
0
0
0
0
0.0
0
-0.008323853835463524
0.3580448031425476
-0.2909640967845917
0
0.0
0
0.0
15
0
8
7
-1.0
19
0
4
7
2.0
0
0
0
0
0.0
0
0.0330691784620285
-0.450177788734436
0.1467828005552292
0
0.0
0
0.0
35
2
4
3
-1.0
36
3
2
3
2.0
0
0
0
0
0.0
1
-0.009848601184785366
0.1548763066530228
-0.1546719074249268
0
0.0
0
0.0
15
2
2
3
-1.0
14
3
2
1
3.0
0
0
0
0
0.0
1
-0.003673793049529195
0.2725059986114502
-0.2011754065752029
0
0.0
0
0.0
42
5
2
3
-1.0
42
5
1
3
2.0
0
0
0
0
0.0
1
-0.003520352067425847
0.2189404964447022
-0.3099618852138519
0
0.0
0
0.0
0
1
4
6
-1.0
0
1
2
3
2.0
2
4
2
3
2.0
0
-0.002910763025283813
0.1709515005350113
-0.2503634095191956
0
0.0
0
0.0
13
0
21
1
-1.0
20
0
7
1
3.0
0
0
0
0
0.0
0
0.0111071700230241
-0.2938312888145447
0.0905003175139427
0
0.0
0
0.0
9
4
1
6
-1.0
9
7
1
3
2.0
0
0
0
0
0.0
0
0.004527769051492214
-0.365673303604126
0.0718126818537712
0
0.0
0
0.0
25
9
11
2
-1.0
25
10
11
1
2.0
0
0
0
0
0.0
0
0.00169104803353548
-0.2463562041521072
0.1436509042978287
0
0.0
0
0.0
9
1
26
8
-1.0
9
1
13
4
2.0
22
5
13
4
2.0
0
-0.052848931401968
-0.489881306886673
0.0588662698864937
0
0.0
0
0.0
19
5
8
6
-1.0
21
5
4
6
2.0
0
0
0
0
0.0
0
0.0272572692483664
-0.1331882029771805
0.1779861003160477
0
0.0
0
0.0
15
3
12
8
-1.0
21
3
6
8
2.0
0
0
0
0
0.0
0
-0.1077461019158363
0.7573465704917908
-0.045793280005455
0
0.0
0
0.0
20
0
6
1
-1.0
22
0
2
1
3.0
0
0
0
0
0.0
0
0.006236520130187273
0.076347790658474
-0.46734619140625
0
0.0
0
0.0
7
0
12
2
-1.0
7
0
6
1
2.0
13
1
6
1
2.0
0
-0.003291785018518567
0.2565709054470062
-0.1366966962814331
0
0.0
0
0.0
33
9
6
2
-1.0
35
9
2
2
3.0
0
0
0
0
0.0
0
-0.007098865229636431
-0.7358775734901428
0.0567887090146542
0
0.0
0
0.0
11
0
6
5
-1.0
13
0
2
5
3.0
0
0
0
0
0.0
0
-0.0205022394657135
-0.6133338809013367
0.0406611002981663
0
0.0
0
0.0
32
1
6
10
-1.0
34
1
2
10
3.0
0
0
0
0
0.0
0
-0.0578949898481369
-0.4233744144439697
0.0162566602230072
0
0.0
0
0.0
7
1
6
10
-1.0
9
1
2
10
3.0
0
0
0
0
0.0
0
-0.007062500808387995
0.1507007032632828
-0.2153072953224182
0
0.0
0
0.0
27
0
9
3
-1.0
30
0
3
3
3.0
0
0
0
0
0.0
0
-0.001477460958994925
0.0994475930929184
-0.1999025046825409
0
0.0
0
0.0
9
3
2
3
-1.0
8
4
2
1
3.0
0
0
0
0
0.0
1
-0.005904545076191425
0.2344854027032852
-0.1323975026607513
0
0.0
0
0.0
41
0
3
2
-1.0
42
1
1
2
3.0
0
0
0
0
0.0
1
0.004911495838314295
0.0553076006472111
-0.4102441966533661
0
0.0
0
0.0
6
0
5
6
-1.0
6
2
5
2
3.0
0
0
0
0
0.0
0
-0.0403023585677147
0.5108960270881653
-0.06717871874570849
0
0.0
0
0.0
27
0
9
3
-1.0
30
0
3
3
3.0
0
0
0
0
0.0
0
-0.0314785093069077
-0.3574273884296417
0.034691110253334
0
0.0
0
0.0
9
0
9
3
-1.0
12
0
3
3
3.0
0
0
0
0
0.0
0
-0.0002041994011960924
0.1190790981054306
-0.2625693082809448
0
0.0
0
0.0
32
9
6
2
-1.0
34
9
2
2
3.0
0
0
0
0
0.0
0
0.00614961888641119
0.0383449196815491
-0.7075287103652954
0
0.0
0
0.0
7
9
6
2
-1.0
9
9
2
2
3.0
0
0
0
0
0.0
0
-0.006498281843960285
-0.5713528990745544
0.04134688898921
0
0.0
0
0.0
26
10
6
1
-1.0
26
10
3
1
2.0
0
0
0
0
0.0
0
-0.002043677028268576
0.2154771983623505
-0.0921439230442047
0
0.0
0
0.0
2
0
3
2
-1.0
2
0
3
1
2.0
0
0
0
0
0.0
1
0.008492326363921165
0.0570751093328
-0.5348739027977
0
0.0
0
0.0
32
5
3
3
-1.0
31
6
3
1
3.0
0
0
0
0
0.0
1
-0.002266109921038151
0.2737484872341156
-0.1890739947557449
0
0.0
0
0.0
16
9
8
2
-1.0
16
9
4
1
2.0
20
10
4
1
2.0
0
-0.003818060038611293
-0.4999729990959168
0.05628751963377
0
0.0
0
0.0
18
2
12
9
-1.0
22
2
4
9
3.0
0
0
0
0
0.0
0
0.1983292996883392
-0.0492840297520161
0.3099189102649689
0
0.0
0
0.0
8
3
2
3
-1.0
8
4
2
1
3.0
0
0
0
0
0.0
0
-0.005357380025088787
0.3652536869049072
-0.0815863236784935
0
0.0
0
0.0
43
5
2
4
-1.0
43
7
2
2
2.0
0
0
0
0
0.0
0
-0.004120065830647945
-0.4997940957546234
0.0337594412267208
0
0.0
0
0.0
8
3
2
3
-1.0
8
4
2
1
3.0
0
0
0
0
0.0
0
0.002724183024838567
-0.0749610364437103
0.4040215909481049
0
0.0
0
0.0
15
4
16
2
-1.0
23
4
8
1
2.0
15
5
8
1
2.0
0
-0.01127927005291
-0.6254091262817383
0.0405392684042454
0
0.0
0
0.0
12
5
16
2
-1.0
16
5
8
2
2.0
0
0
0
0
0.0
0
-0.026438670232892
0.6246979832649231
-0.0506956689059734
0
0.0
0
0.0
19
2
9
9
-1.0
22
2
3
9
3.0
0
0
0
0
0.0
0
0.0930858105421066
-0.0277362298220396
0.1220149993896484
0
0.0
0
0.0
19
9
2
2
-1.0
19
9
1
1
2.0
20
10
1
1
2.0
0
0.0003682156966533512
0.06322786957025529
-0.4546276032924652
0
0.0
0
0.0
20
1
8
10
-1.0
22
1
4
10
2.0
0
0
0
0
0.0
0
-0.0261502098292112
0.2161553055047989
-0.0341892093420029
0
0.0
0
0.0
0
2
39
9
-1.0
13
5
13
3
9.0
0
0
0
0
0.0
0
-0.1521912962198257
-0.5629113912582397
0.050881389528513
0
0.0
0
0.0
32
5
3
3
-1.0
31
6
3
1
3.0
0
0
0
0
0.0
1
-0.005380241200327873
0.1196914985775948
-0.0454637706279755
0
0.0
0
0.0
8
9
4
2
-1.0
9
9
2
2
2.0
0
0
0
0
0.0
0
0.003142140107229352
0.0351711288094521
-0.7533329725265503
0
0.0
0
0.0
32
5
3
3
-1.0
31
6
3
1
3.0
0
0
0
0
0.0
1
-0.002364299958571792
-0.0781453177332878
0.0365911610424519
0
0.0
0
0.0
13
5
3
3
-1.0
14
6
1
3
3.0
0
0
0
0
0.0
1
-0.003425365081056952
0.2796125113964081
-0.1028681993484497
0
0.0
0
0.0
24
2
11
6
-1.0
24
4
11
2
3.0
0
0
0
0
0.0
0
-0.0101263895630836
0.1294676959514618
-0.2079537063837051
0
0.0
0
0.0
5
2
3
4
-1.0
6
3
1
4
3.0
0
0
0
0
0.0
1
0.009510936215519905
-0.0644871667027473
0.4530493915081024
0
0.0
0
0.0
39
1
3
9
-1.0
40
4
1
3
9.0
0
0
0
0
0.0
0
-0.0283829905092716
0.1810360997915268
-0.1264723986387253
0
0.0
0
0.0
17
2
9
9
-1.0
20
2
3
9
3.0
0
0
0
0
0.0
0
0.07259120047092441
-0.13137449324131
0.2162660956382752
0
0.0
0
0.0
20
8
8
2
-1.0
22
8
4
2
2.0
0
0
0
0
0.0
0
0.005693638231605291
-0.0738181099295616
0.1078862026333809
0
0.0
0
0.0
18
7
8
4
-1.0
20
7
4
4
2.0
0
0
0
0
0.0
0
-0.005479691084474325
0.4171521961688995
-0.0677783191204071
0
0.0
0
0.0
8
5
30
6
-1.0
23
5
15
3
2.0
8
8
15
3
2.0
0
-0.0680012926459312
-0.5723094940185547
0.0596870183944702
0
0.0
0
0.0
0
7
5
2
-1.0
0
8
5
1
2.0
0
0
0
0
0.0
0
4.179649113211781e-5
-0.3601624071598053
0.0677706226706505
0
0.0
0
0.0
23
6
1
4
-1.0
22
7
1
2
2.0
0
0
0
0
0.0
1
-0.0060458998195827
-0.6670281291007996
0.0206663999706507
0
0.0
0
0.0
3
5
3
2
-1.0
4
5
1
2
3.0
0
0
0
0
0.0
0
-0.0008940285188145936
0.1852525025606155
-0.13367660343647
0
0.0
0
0.0
21
0
6
1
-1.0
23
0
2
1
3.0
0
0
0
0
0.0
0
-0.005233735777437687
-0.6425905823707581
0.0382458008825779
0
0.0
0
0.0
2
3
2
7
-1.0
3
3
1
7
2.0
0
0
0
0
0.0
0
-0.0108766602352262
-0.6561298966407776
0.03091624006629
0
0.0
0
0.0
18
2
24
2
-1.0
30
2
12
1
2.0
18
3
12
1
2.0
0
0.0107645904645324
-0.1220951974391937
0.2324434965848923
0
0.0
0
0.0
0
3
3
4
-1.0
0
4
3
2
2.0
0
0
0
0
0.0
0
0.006271748803555965
0.0366653800010681
-0.64267098903656
0
0.0
0
0.0
34
0
3
3
-1.0
34
1
3
1
3.0
0
0
0
0
0.0
0
0.00398709112778306
-0.1001384034752846
0.2668761909008026
0
0.0
0
0.0
17
1
2
2
-1.0
17
1
1
2
2.0
0
0
0
0
0.0
1
0.005696653854101896
0.0416801385581493
-0.6292551755905151
0
0.0
0
0.0
34
0
3
3
-1.0
34
1
3
1
3.0
0
0
0
0
0.0
0
-0.002466090023517609
0.3037576079368591
-0.0899545699357986
0
0.0
0
0.0
21
9
2
2
-1.0
21
9
1
1
2.0
22
10
1
1
2.0
0
0.00043577459291555
0.0568453297019005
-0.4491609036922455
0
0.0
0
0.0
25
9
2
2
-1.0
26
9
1
1
2.0
25
10
1
1
2.0
0
-0.0008602215093560517
-0.3133156001567841
0.022231949493289
0
0.0
0
0.0
18
9
2
2
-1.0
18
9
1
1
2.0
19
10
1
1
2.0
0
-3.61517486453522e-5
0.1603706926107407
-0.1564521938562393
0
0.0
0
0.0
31
4
2
2
-1.0
32
4
1
1
2.0
31
5
1
1
2.0
0
-0.001241744961589575
0.3625147044658661
-0.06802968680858611
0
0.0
0
0.0
4
2
1
4
-1.0
3
3
1
2
2.0
0
0
0
0
0.0
1
-0.009371643885970116
-0.6566702723503113
0.0392969995737076
0
0.0
0
0.0
31
4
2
2
-1.0
32
4
1
1
2.0
31
5
1
1
2.0
0
0.000506496406160295
-0.0998978018760681
0.2548699080944061
0
0.0
0
0.0
-1.582484006881714
9
1
4
6
-1.0
9
1
2
3
2.0
11
4
2
3
2.0
0
0.006953622214496136
-0.30070298910141
0.2884491086006165
0
0.0
0
0.0
19
0
20
7
-1.0
19
0
10
7
2.0
0
0
0
0
0.0
0
0.155243992805481
-0.2848395109176636
0.1254279017448425
0
0.0
0
0.0
4
2
4
3
-1.0
5
3
2
3
2.0
0
0
0
0
0.0
1
-0.009599005803465843
0.266362190246582
-0.2246758937835693
0
0.0
0
0.0
23
6
4
1
-1.0
23
6
2
1
2.0
0
0
0
0
0.0
1
0.000823255511932075
-0.1501412987709045
0.1761123985052109
0
0.0
0
0.0
0
1
2
10
-1.0
0
6
2
5
2.0
0
0
0
0
0.0
0
-0.006383785046637058
-0.5321183204650879
0.0889239236712456
0
0.0
0
0.0
1
10
44
1
-1.0
1
10
22
1
2.0
0
0
0
0
0.0
0
-0.0181104205548763
0.2929402887821198
-0.1841827929019928
0
0.0
0
0.0
12
4
4
4
-1.0
13
4
2
4
2.0
0
0
0
0
0.0
0
-0.002222171984612942
0.2360882014036179
-0.1808235943317413
0
0.0
0
0.0
30
2
12
5
-1.0
33
2
6
5
2.0
0
0
0
0
0.0
0
-0.00427459878847003
0.1137200966477394
-0.2823255062103272
0
0.0
0
0.0
12
2
3
4
-1.0
13
3
1
4
3.0
0
0
0
0
0.0
1
-0.0119243403896689
0.3017709851264954
-0.1306345015764237
0
0.0
0
0.0
25
9
11
2
-1.0
25
10
11
1
2.0
0
0
0
0
0.0
0
0.00213373196311295
-0.2007887065410614
0.1075965017080307
0
0.0
0
0.0
17
1
2
1
-1.0
18
1
1
1
2.0
0
0
0
0
0.0
0
3.974841092713177e-5
-0.3365252017974854
0.0984087735414505
0
0.0
0
0.0
33
2
4
3
-1.0
33
3
4
1
3.0
0
0
0
0
0.0
0
-0.007493935991078615
0.4472881853580475
-0.1235982030630112
0
0.0
0
0.0
18
0
2
3
-1.0
18
0
1
3
2.0
0
0
0
0
0.0
1
-0.005467308219522238
-0.3799205124378204
0.0901674702763557
0
0.0
0
0.0
35
0
6
6
-1.0
35
0
3
6
2.0
0
0
0
0
0.0
0
-0.046410970389843
-0.4790937900543213
0.0221620704978704
0
0.0
0
0.0
4
0
6
6
-1.0
7
0
3
6
2.0
0
0
0
0
0.0
0
-0.001833579037338495
0.1406226009130478
-0.2750051021575928
0
0.0
0
0.0
22
9
2
2
-1.0
23
9
1
1
2.0
22
10
1
1
2.0
0
0.0003227232082281262
0.0443302914500237
-0.3167147040367127
0
0.0
0
0.0
11
5
3
2
-1.0
12
5
1
2
3.0
0
0
0
0
0.0
0
-0.002077614888548851
0.4185835123062134
-0.0708758234977722
0
0.0
0
0.0
24
9
11
2
-1.0
24
10
11
1
2.0
0
0
0
0
0.0
0
-0.007946436293423176
-0.7928162813186646
0.0197782702744007
0
0.0
0
0.0
16
0
12
1
-1.0
19
0
6
1
2.0
0
0
0
0
0.0
0
0.001816177973523736
-0.3533557951450348
0.080757312476635
0
0.0
0
0.0
29
5
4
2
-1.0
29
5
2
2
2.0
0
0
0
0
0.0
1
-0.0001395185972796753
0.0871761962771416
-0.2344271987676621
0
0.0
0
0.0
14
10
9
1
-1.0
17
10
3
1
3.0
0
0
0
0
0.0
0
-0.003060592105612159
0.1996555030345917
-0.144755095243454
0
0.0
0
0.0
6
7
34
4
-1.0
23
7
17
2
2.0
6
9
17
2
2.0
0
-0.035044189542532
-0.4692314863204956
0.0637441277503967
0
0.0
0
0.0
1
2
36
4
-1.0
19
2
18
4
2.0
0
0
0
0
0.0
0
0.2234399020671845
0.0361883491277695
-0.6774014234542847
0
0.0
0
0.0
29
0
6
4
-1.0
31
0
2
4
3.0
0
0
0
0
0.0
0
0.006264374125748873
0.0539225898683071
-0.2995721101760864
0
0.0
0
0.0
11
5
4
2
-1.0
12
5
2
2
2.0
0
0
0
0
0.0
0
0.005145619157701731
-0.0856956467032433
0.3495860099792481
0
0.0
0
0.0
22
9
2
2
-1.0
23
9
1
1
2.0
22
10
1
1
2.0
0
-0.0004579299129545689
-0.3727482855319977
0.0520981289446354
0
0.0
0
0.0
6
8
6
3
-1.0
8
8
2
3
3.0
0
0
0
0
0.0
0
-0.008952198550105095
-0.5594332218170166
0.0450372397899628
0
0.0
0
0.0
33
9
6
2
-1.0
35
9
2
2
3.0
0
0
0
0
0.0
0
-0.008884552866220474
-0.8215249180793762
0.019023310393095
0
0.0
0
0.0
0
3
2
5
-1.0
1
3
1
5
2.0
0
0
0
0
0.0
0
-0.000839640386402607
0.1355317980051041
-0.1943961977958679
0
0.0
0
0.0
33
9
6
2
-1.0
35
9
2
2
3.0
0
0
0
0
0.0
0
0.005758157931268215
0.0348723717033863
-0.6131761074066162
0
0.0
0
0.0
7
0
16
2
-1.0
7
0
8
1
2.0
15
1
8
1
2.0
0
-0.003297111950814724
0.2093304991722107
-0.1179770976305008
0
0.0
0
0.0
21
1
16
2
-1.0
29
1
8
1
2.0
21
2
8
1
2.0
0
0.006635801866650581
-0.1262518018484116
0.2315140962600708
0
0.0
0
0.0
16
0
2
3
-1.0
16
0
1
3
2.0
0
0
0
0
0.0
1
0.009177181869745255
0.0422563590109348
-0.6428142189979553
0
0.0
0
0.0
29
0
6
4
-1.0
31
0
2
4
3.0
0
0
0
0
0.0
0
-0.0188983809202909
-0.5478479862213135
0.0240227598696947
0
0.0
0
0.0
12
2
6
6
-1.0
14
4
2
2
9.0
0
0
0
0
0.0
0
-0.0139614399522543
0.1334217935800552
-0.1894931048154831
0
0.0
0
0.0
33
10
6
1
-1.0
35
10
2
1
3.0
0
0
0
0
0.0
0
0.003935181070119143
0.0123231001198292
-0.4801740050315857
0
0.0
0
0.0
5
3
2
3
-1.0
5
4
2
1
3.0
0
0
0
0
0.0
0
0.002873762976378202
-0.06383316963911061
0.3845090866088867
0
0.0
0
0.0
39
4
1
4
-1.0
39
5
1
2
2.0
0
0
0
0
0.0
0
-0.002150241052731872
0.249678298830986
-0.0836938619613647
0
0.0
0
0.0
16
4
1
6
-1.0
16
4
1
3
2.0
0
0
0
0
0.0
1
-0.0209453497081995
-0.4658147990703583
0.0599679499864578
0
0.0
0
0.0
39
4
1
4
-1.0
39
5
1
2
2.0
0
0
0
0
0.0
0
0.00120253604836762
-0.0740314573049545
0.2621783912181854
0
0.0
0
0.0
1
8
1
3
-1.0
1
9
1
1
3.0
0
0
0
0
0.0
0
-0.001264991005882621
-0.5635809898376465
0.0473508313298225
0
0.0
0
0.0
25
8
2
2
-1.0
26
8
1
1
2.0
25
9
1
1
2.0
0
-3.56087512045633e-5
0.0839448198676109
-0.0923392772674561
0
0.0
0
0.0
5
4
1
4
-1.0
5
5
1
2
2.0
0
0
0
0
0.0
0
0.00176384299993515
-0.067106232047081
0.353906512260437
0
0.0
0
0.0
42
8
2
3
-1.0
42
9
2
1
3.0
0
0
0
0
0.0
0
0.002647852059453726
0.0497924908995628
-0.5610852837562561
0
0.0
0
0.0
5
4
2
2
-1.0
5
4
1
1
2.0
6
5
1
1
2.0
0
0.001142175984568894
-0.0805669277906418
0.3189930021762848
0
0.0
0
0.0
42
2
2
2
-1.0
42
2
1
2
2.0
0
0
0
0
0.0
1
-0.003714469028636813
-0.2128649055957794
0.0669720098376274
0
0.0
0
0.0
3
2
2
2
-1.0
3
2
2
1
2.0
0
0
0
0
0.0
1
0.004652079194784164
0.0592891909182072
-0.4567444026470184
0
0.0
0
0.0
33
9
6
2
-1.0
35
9
2
2
3.0
0
0
0
0
0.0
0
-0.004705625120550394
-0.2454106956720352
0.0245448406785727
0
0.0
0
0.0
6
9
6
2
-1.0
8
9
2
2
3.0
0
0
0
0
0.0
0
0.007125196978449821
0.0383189283311367
-0.6497387290000916
0
0.0
0
0.0
28
3
2
6
-1.0
28
3
2
3
2.0
0
0
0
0
0.0
1
-0.06765838712453839
0.4003041088581085
-0.0320798717439175
0
0.0
0
0.0
16
4
8
7
-1.0
18
4
4
7
2.0
0
0
0
0
0.0
0
0.0357298403978348
-0.0704301074147224
0.3063311874866486
0
0.0
0
0.0
21
1
6
8
-1.0
21
1
3
8
2.0
0
0
0
0
0.0
0
-0.0338284410536289
0.5049129724502563
-0.0354564599692822
0
0.0
0
0.0
18
4
6
4
-1.0
21
4
3
4
2.0
0
0
0
0
0.0
0
0.0133518604561687
-0.178902804851532
0.1476718038320541
0
0.0
0
0.0
24
0
8
3
-1.0
24
0
4
3
2.0
0
0
0
0
0.0
1
0.08748819679021839
0.0435387790203094
-0.4679369926452637
0
0.0
0
0.0
1
9
32
2
-1.0
9
9
16
2
2.0
0
0
0
0
0.0
0
0.003677712054923177
-0.2042710036039352
0.1514813005924225
0
0.0
0
0.0
38
2
1
3
-1.0
38
3
1
1
3.0
0
0
0
0
0.0
0
0.001076660002581775
-0.09631978720426559
0.3553023040294647
0
0.0
0
0.0
15
0
3
2
-1.0
16
1
1
2
3.0
0
0
0
0
0.0
1
0.005224353168159723
0.0533896684646606
-0.4571785926818848
0
0.0
0
0.0
32
2
6
1
-1.0
34
4
2
1
3.0
0
0
0
0
0.0
1
-0.009534510783851147
0.149124801158905
-0.1498575061559677
0
0.0
0
0.0
0
10
2
1
-1.0
1
10
1
1
2.0
0
0
0
0
0.0
0
4.257301043253392e-5
-0.1389053016901016
0.1546718031167984
0
0.0
0
0.0
43
9
2
2
-1.0
43
10
2
1
2.0
0
0
0
0
0.0
0
-0.00155961699783802
-0.5472314953804016
0.034767109900713
0
0.0
0
0.0
7
3
2
2
-1.0
7
3
1
1
2.0
8
4
1
1
2.0
0
0.0007622211123816669
-0.0789805501699448
0.2835516035556793
0
0.0
0
0.0
21
0
3
9
-1.0
22
3
1
3
9.0
0
0
0
0
0.0
0
-0.0219077207148075
-0.4367178976535797
0.0517012402415276
0
0.0
0
0.0
0
8
5
2
-1.0
0
9
5
1
2.0
0
0
0
0
0.0
0
4.65076882392168e-5
-0.3191409111022949
0.0624821111559868
0
0.0
0
0.0
42
8
2
3
-1.0
42
9
2
1
3.0
0
0
0
0
0.0
0
-0.0002925313892774284
-0.247669905424118
0.0840149372816086
0
0.0
0
0.0
9
5
1
4
-1.0
8
6
1
2
2.0
0
0
0
0
0.0
1
0.003000926924869418
-0.11042869836092
0.1972046047449112
0
0.0
0
0.0
42
8
2
3
-1.0
42
9
2
1
3.0
0
0
0
0
0.0
0
0.0008704239735379815
0.06719736754894259
-0.1836692988872528
0
0.0
0
0.0
11
7
2
2
-1.0
11
7
1
1
2.0
12
8
1
1
2.0
0
0.00076602102490142
-0.064485676586628
0.3246726095676422
0
0.0
0
0.0
43
8
1
3
-1.0
43
9
1
1
3.0
0
0
0
0
0.0
0
3.324840872664936e-5
-0.0983626469969749
0.0864629372954369
0
0.0
0
0.0
1
8
1
3
-1.0
1
9
1
1
3.0
0
0
0
0
0.0
0
0.001256847055628896
0.0493546798825264
-0.4317789077758789
0
0.0
0
0.0
36
0
6
4
-1.0
38
0
2
4
3.0
0
0
0
0
0.0
0
-0.009730909019708633
-0.2739312052726746
0.0396414399147034
0
0.0
0
0.0
4
0
12
2
-1.0
4
0
6
1
2.0
10
1
6
1
2.0
0
0.005825567059218884
-0.0703800767660141
0.3054617941379547
0
0.0
0
0.0
-1.447026968002319
6
4
6
4
-1.0
8
4
2
4
3.0
0
0
0
0
0.0
0
-0.006930877920240164
0.2389768064022064
-0.3373557925224304
0
0.0
0
0.0
34
0
10
4
-1.0
34
1
10
2
2.0
0
0
0
0
0.0
0
0.006335625890642405
-0.2060621976852417
0.2454628944396973
0
0.0
0
0.0
12
0
12
4
-1.0
18
0
6
4
2.0
0
0
0
0
0.0
0
0.0329519286751747
-0.4815129935741425
0.1353441029787064
0
0.0
0
0.0
39
1
3
9
-1.0
40
4
1
3
9.0
0
0
0
0
0.0
0
-0.0202942993491888
0.2442599982023239
-0.3064855039119721
0
0.0
0
0.0
6
2
8
4
-1.0
6
3
8
2
2.0
0
0
0
0
0.0
0
-0.008093573153018951
0.2175426036119461
-0.2305133938789368
0
0.0
0
0.0
31
5
3
3
-1.0
30
6
3
1
3.0
0
0
0
0
0.0
1
-0.003220940940082073
0.24082750082016
-0.1475351005792618
0
0.0
0
0.0
0
5
24
2
-1.0
12
5
12
2
2.0
0
0
0
0
0.0
0
0.0369491204619408
-0.2875896096229553
0.1723792999982834
0
0.0
0
0.0
24
5
2
2
-1.0
24
5
1
2
2.0
0
0
0
0
0.0
0
0.001000121003016829
-0.1848354935646057
0.106496699154377
0
0.0
0
0.0
15
4
3
4
-1.0
15
4
3
2
2.0
0
0
0
0
0.0
1
-4.983241888112389e-5
0.10084930062294
-0.3728978037834168
0
0.0
0
0.0
10
1
26
8
-1.0
23
1
13
4
2.0
10
5
13
4
2.0
0
0.0466450713574886
0.0713314116001129
-0.421749085187912
0
0.0
0
0.0
0
5
4
6
-1.0
0
5
2
3
2.0
2
8
2
3
2.0
0
0.002972966991364956
-0.2338577955961227
0.1572815030813217
0
0.0
0
0.0
24
9
11
2
-1.0
24
10
11
1
2.0
0
0
0
0
0.0
0
0.001188541995361447
-0.2161511927843094
0.0854354798793793
0
0.0
0
0.0
9
4
4
3
-1.0
10
4
2
3
2.0
0
0
0
0
0.0
0
-0.002550489967688918
0.2445300966501236
-0.1364232003688812
0
0.0
0
0.0
44
3
1
8
-1.0
44
7
1
4
2.0
0
0
0
0
0.0
0
0.0145806903019547
0.06305061280727391
-0.4380542039871216
0
0.0
0
0.0
0
3
1
8
-1.0
0
7
1
4
2.0
0
0
0
0
0.0
0
0.0001762100000632927
-0.3502649068832398
0.09799514710903171
0
0.0
0
0.0
33
0
6
3
-1.0
35
0
2
3
3.0
0
0
0
0
0.0
0
-0.0107630603015423
-0.55614972114563
0.0526131093502045
0
0.0
0
0.0
13
6
3
2
-1.0
14
7
1
2
3.0
0
0
0
0
0.0
1
-0.001773345982655883
0.2124083936214447
-0.1288591027259827
0
0.0
0
0.0
20
8
8
2
-1.0
24
8
4
1
2.0
20
9
4
1
2.0
0
-0.005617022980004549
-0.5789517164230347
0.0270562805235386
0
0.0
0
0.0
0
1
45
9
-1.0
15
4
15
3
9.0
0
0
0
0
0.0
0
0.7813777923583984
0.0435121916234493
-0.5111237764358521
0
0.0
0
0.0
33
0
6
3
-1.0
35
0
2
3
3.0
0
0
0
0
0.0
0
0.0155215598642826
0.0178874898701906
-0.4230296909809113
0
0.0
0
0.0
16
8
10
2
-1.0
16
8
5
1
2.0
21
9
5
1
2.0
0
-0.006014978978782892
-0.6199331879615784
0.041468121111393
0
0.0
0
0.0
22
0
4
9
-1.0
22
0
2
9
2.0
0
0
0
0
0.0
0
-0.0120329596102238
0.3752037882804871
-0.0521019399166107
0
0.0
0
0.0
22
6
1
4
-1.0
22
6
1
2
2.0
0
0
0
0
0.0
1
0.0005709095275960863
-0.2300080060958862
0.1380635946989059
0
0.0
0
0.0
23
8
2
2
-1.0
24
8
1
1
2.0
23
9
1
1
2.0
0
-3.514105992508121e-5
0.136135995388031
-0.1363361030817032
0
0.0
0
0.0
20
8
2
2
-1.0
20
8
1
1
2.0
21
9
1
1
2.0
0
0.0003882795863319188
0.0620439797639847
-0.4099955856800079
0
0.0
0
0.0
37
4
4
2
-1.0
39
4
2
1
2.0
37
5
2
1
2.0
0
-0.003181387903168797
0.4304260909557343
-0.0585743896663189
0
0.0
0
0.0
6
2
6
3
-1.0
6
3
6
1
3.0
0
0
0
0
0.0
0
0.0123597597703338
-0.0534252189099789
0.4423576891422272
0
0.0
0
0.0
29
1
3
2
-1.0
29
1
3
1
2.0
0
0
0
0
0.0
1
0.00536307692527771
0.0483457297086716
-0.3691985011100769
0
0.0
0
0.0
0
3
10
2
-1.0
0
3
5
1
2.0
5
4
5
1
2.0
0
0.006752924062311649
-0.06778889894485469
0.4063256084918976
0
0.0
0
0.0
36
0
6
4
-1.0
38
0
2
4
3.0
0
0
0
0
0.0
0
-0.0115061802789569
-0.2494066953659058
0.0300437901169062
0
0.0
0
0.0
0
1
1
6
-1.0
0
4
1
3
2.0
0
0
0
0
0.0
0
-0.006545026786625385
-0.5039336085319519
0.0510484091937542
0
0.0
0
0.0
36
10
6
1
-1.0
38
10
2
1
3.0
0
0
0
0
0.0
0
-0.006405950989574194
-0.7833560705184937
0.007080617826432
0
0.0
0
0.0
3
10
6
1
-1.0
5
10
2
1
3.0
0
0
0
0
0.0
0
-0.00472799688577652
-0.6846734881401062
0.0338671393692493
0
0.0
0
0.0
33
7
2
2
-1.0
34
7
1
1
2.0
33
8
1
1
2.0
0
-0.0005228574736975133
0.1466076970100403
-0.06728996336460109
0
0.0
0
0.0
3
0
6
4
-1.0
5
0
2
4
3.0
0
0
0
0
0.0
0
-0.009303510189056396
-0.4098907113075256
0.0572993196547031
0
0.0
0
0.0
36
0
6
3
-1.0
38
0
2
3
3.0
0
0
0
0
0.0
0
0.006812889128923416
0.0429198816418648
-0.247306302189827
0
0.0
0
0.0
10
7
2
2
-1.0
10
7
1
1
2.0
11
8
1
1
2.0
0
0.0004679127887357026
-0.0759941563010216
0.3077195882797241
0
0.0
0
0.0
36
0
6
3
-1.0
38
0
2
3
3.0
0
0
0
0
0.0
0
0.0234316699206829
0.0105453496798873
-0.4139497876167297
0
0.0
0
0.0
3
0
6
3
-1.0
5
0
2
3
3.0
0
0
0
0
0.0
0
0.009217480197548866
0.0580441802740097
-0.4003489017486572
0
0.0
0
0.0
33
0
8
2
-1.0
33
0
4
2
2.0
0
0
0
0
0.0
0
-0.007837181910872459
0.1294589042663574
-0.0732556134462357
0
0.0
0
0.0
5
6
4
2
-1.0
5
6
2
1
2.0
7
7
2
1
2.0
0
0.003563500940799713
-0.0714029222726822
0.347095787525177
0
0.0
0
0.0
31
0
10
2
-1.0
31
0
5
2
2.0
0
0
0
0
0.0
0
-0.005371992941945791
0.0697310492396355
-0.061688169836998
0
0.0
0
0.0
13
0
18
6
-1.0
13
0
9
3
2.0
22
3
9
3
2.0
0
0.0432901903986931
0.0503349713981152
-0.4551756978034973
0
0.0
0
0.0
26
0
1
2
-1.0
26
0
1
1
2.0
0
0
0
0
0.0
1
-0.004617933183908463
-0.4911034107208252
0.0359277799725533
0
0.0
0
0.0
15
7
2
2
-1.0
15
7
2
1
2.0
0
0
0
0
0.0
1
-0.00700185215100646
-0.6063433289527893
0.0330439507961273
0
0.0
0
0.0
41
0
4
4
-1.0
40
1
4
2
2.0
0
0
0
0
0.0
1
-0.0205463208258152
0.3746722042560577
-0.0609663501381874
0
0.0
0
0.0
4
0
4
4
-1.0
5
1
2
4
2.0
0
0
0
0
0.0
1
0.009015355259180069
-0.0813770294189453
0.2844707071781158
0
0.0
0
0.0
25
9
11
2
-1.0
25
10
11
1
2.0
0
0
0
0
0.0
0
0.0169452708214521
0.0199470799416304
-0.4222064018249512
0
0.0
0
0.0
9
9
11
2
-1.0
9
10
11
1
2.0
0
0
0
0
0.0
0
0.0008211836102418602
-0.2720527946949005
0.0955905392766
0
0.0
0
0.0
24
1
2
2
-1.0
25
1
1
1
2.0
24
2
1
1
2.0
0
3.534467032295652e-5
-0.07961785793304441
0.074185736477375
0
0.0
0
0.0
0
0
44
6
-1.0
0
0
22
3
2.0
22
3
22
3
2.0
0
-0.084219790995121
-0.4857580065727234
0.0422429405152798
0
0.0
0
0.0
20
0
8
11
-1.0
20
0
4
11
2.0
0
0
0
0
0.0
0
0.0435173399746418
-0.1548252999782562
0.1075984016060829
0
0.0
0
0.0
17
4
8
7
-1.0
19
4
4
7
2.0
0
0
0
0
0.0
0
-0.008338391780853271
0.4024209976196289
-0.0837341472506523
0
0.0
0
0.0
34
7
4
3
-1.0
34
8
4
1
3.0
0
0
0
0
0.0
0
-0.00268487399443984
0.2577607035636902
-0.0573123209178448
0
0.0
0
0.0
7
7
4
3
-1.0
7
8
4
1
3.0
0
0
0
0
0.0
0
0.003940720111131668
-0.0959949418902397
0.249248206615448
0
0.0
0
0.0
29
0
3
7
-1.0
30
0
1
7
3.0
0
0
0
0
0.0
0
-0.000658828008454293
0.1278585940599442
-0.1531160026788712
0
0.0
0
0.0
13
0
3
7
-1.0
14
0
1
7
3.0
0
0
0
0
0.0
0
-0.0118757104501128
-0.7070257067680359
0.0329137407243252
0
0.0
0
0.0
14
6
18
4
-1.0
23
6
9
2
2.0
14
8
9
2
2.0
0
-0.0239820200949907
-0.5082150101661682
0.0465518310666084
0
0.0
0
0.0
9
9
4
1
-1.0
10
9
2
1
2.0
0
0
0
0
0.0
0
-0.002004106994718313
-0.6869235038757324
0.0257601495832205
0
0.0
0
0.0
23
8
6
3
-1.0
25
8
2
3
3.0
0
0
0
0
0.0
0
0.007822230458259583
-0.0481032282114029
0.2143296003341675
0
0.0
0
0.0
18
3
6
5
-1.0
20
3
2
5
3.0
0
0
0
0
0.0
0
0.0109465699642897
-0.16195610165596
0.1688020974397659
0
0.0
0
0.0
23
0
10
1
-1.0
23
0
5
1
2.0
0
0
0
0
0.0
1
0.0268028602004051
0.0562569610774517
-0.275054007768631
0
0.0
0
0.0
21
0
2
11
-1.0
22
0
1
11
2.0
0
0
0
0
0.0
0
0.003988455981016159
-0.1266321986913681
0.2162669003009796
0
0.0
0
0.0
22
7
9
3
-1.0
25
7
3
3
3.0
0
0
0
0
0.0
0
-0.0180086903274059
0.1453437954187393
-0.0554223097860813
0
0.0
0
0.0
14
7
9
3
-1.0
17
7
3
3
3.0
0
0
0
0
0.0
0
0.0171894803643227
-0.0676231905817986
0.4008189141750336
0
0.0
0
0.0
20
0
6
2
-1.0
22
0
2
2
3.0
0
0
0
0
0.0
0
-0.0122314803302288
-0.8207144141197205
0.0212977807968855
0
0.0
0
0.0
19
0
6
2
-1.0
21
0
2
2
3.0
0
0
0
0
0.0
0
0.0158304795622826
0.0352074205875397
-0.605314314365387
0
0.0
0
0.0
23
0
10
1
-1.0
23
0
5
1
2.0
0
0
0
0
0.0
1
-0.0152642698958516
-0.2745952904224396
0.0226070396602154
0
0.0
0
0.0
22
0
1
10
-1.0
22
0
1
5
2.0
0
0
0
0
0.0
1
0.0388083383440971
0.0396233908832073
-0.58665269613266
0
0.0
0
0.0
22
1
4
1
-1.0
23
1
2
1
2.0
0
0
0
0
0.0
0
0.001658553956076503
0.0249276999384165
-0.1767925024032593
0
0.0
0
0.0
7
0
5
3
-1.0
7
1
5
1
3.0
0
0
0
0
0.0
0
-0.007077448070049286
0.3953635096549988
-0.0545681081712246
0
0.0
0
0.0
22
1
4
1
-1.0
23
1
2
1
2.0
0
0
0
0
0.0
0
4.758347131428309e-5
-0.090718649327755
0.0676982626318932
0
0.0
0
0.0
18
1
6
1
-1.0
20
1
2
1
3.0
0
0
0
0
0.0
0
4.461927164811641e-5
-0.2377043962478638
0.0997626781463623
0
0.0
0
0.0
21
0
16
2
-1.0
29
0
8
1
2.0
21
1
8
1
2.0
0
-0.0118510304018855
0.3235172927379608
-0.0395865589380264
0
0.0
0
0.0
14
2
2
1
-1.0
14
2
1
1
2.0
0
0
0
0
0.0
1
-0.001640193979255855
-0.2988120913505554
0.0734669119119644
0
0.0
0
0.0
33
1
6
3
-1.0
33
2
6
1
3.0
0
0
0
0
0.0
0
-0.006919947918504477
0.4342077970504761
-0.1028432995080948
0
0.0
0
0.0
15
1
4
2
-1.0
16
2
2
2
2.0
0
0
0
0
0.0
1
-0.0114842597395182
-0.4997740983963013
0.0500394888222218
0
0.0
0
0.0
-1.491330981254578
13
3
3
4
-1.0
14
4
1
4
3.0
0
0
0
0
0.0
1
0.005797816906124353
-0.2547836899757385
0.3126254081726074
0
0.0
0
0.0
36
0
8
4
-1.0
36
1
8
2
2.0
0
0
0
0
0.0
0
0.003441069042310119
-0.1442710012197495
0.1488212049007416
0
0.0
0
0.0
7
0
18
7
-1.0
16
0
9
7
2.0
0
0
0
0
0.0
0
0.1663805991411209
-0.290010005235672
0.1731016933918
0
0.0
0
0.0
38
2
6
1
-1.0
40
4
2
1
3.0
0
0
0
0
0.0
1
-0.007471623830497265
0.2510580122470856
-0.2006618976593018
0
0.0
0
0.0
3
5
4
6
-1.0
3
5
2
3
2.0
5
8
2
3
2.0
0
-0.00367129105143249
0.25619038939476
-0.1986774951219559
0
0.0
0
0.0
24
8
2
1
-1.0
24
8
1
1
2.0
0
0
0
0
0.0
1
0.0001890855055535212
-0.126316100358963
0.1122589036822319
0
0.0
0
0.0
13
10
12
1
-1.0
16
10
6
1
2.0
0
0
0
0
0.0
0
-0.00195624609477818
0.2264412939548492
-0.1612952053546906
0
0.0
0
0.0
34
0
10
4
-1.0
34
1
10
2
2.0
0
0
0
0
0.0
0
-0.008144917897880077
0.2574276030063629
-0.0721231773495674
0
0.0
0
0.0
1
0
10
4
-1.0
1
1
10
2
2.0
0
0
0
0
0.0
0
0.006493217777460814
-0.1814396977424622
0.2257228046655655
0
0.0
0
0.0
22
9
2
2
-1.0
23
9
1
1
2.0
22
10
1
1
2.0
0
0.000453875312814489
0.0236864201724529
-0.4052864909172058
0
0.0
0
0.0
4
9
1
2
-1.0
4
10
1
1
2.0
0
0
0
0
0.0
0
4.250941128702834e-5
-0.2915067076683044
0.1111551970243454
0
0.0
0
0.0
33
0
6
3
-1.0
35
0
2
3
3.0
0
0
0
0
0.0
0
-0.0157671198248863
-0.7367169857025146
0.0103860199451447
0
0.0
0
0.0
7
0
7
3
-1.0
6
1
7
1
3.0
0
0
0
0
0.0
1
-0.006936911027878523
0.1606259047985077
-0.1879907995462418
0
0.0
0
0.0
27
0
12
2
-1.0
30
0
6
2
2.0
0
0
0
0
0.0
0
-0.003221096005290747
0.116404302418232
-0.1825850009918213
0
0.0
0
0.0
6
0
6
3
-1.0
8
0
2
3
3.0
0
0
0
0
0.0
0
-0.0121315596625209
-0.6353238224983215
0.0353767983615398
0
0.0
0
0.0
22
9
2
2
-1.0
23
9
1
1
2.0
22
10
1
1
2.0
0
-0.0002641897008288652
-0.2493823021650314
0.0558976009488106
0
0.0
0
0.0
3
4
34
2
-1.0
20
4
17
2
2.0
0
0
0
0
0.0
0
0.1173785999417305
0.0312053691595793
-0.7401428818702698
0
0.0
0
0.0
22
5
6
6
-1.0
25
5
3
3
2.0
22
8
3
3
2.0
0
-0.001169029041193426
0.07859907299280169
-0.1728446930646896
0
0.0
0
0.0
12
4
20
4
-1.0
12
4
10
2
2.0
22
6
10
2
2.0
0
0.0247644707560539
0.0510483793914318
-0.5129843950271606
0
0.0
0
0.0
37
2
2
3
-1.0
37
3
2
1
3.0
0
0
0
0
0.0
0
-0.004294222220778465
0.3229491114616394
-0.09155541658401491
0
0.0
0
0.0
5
2
9
3
-1.0
5
3
9
1
3.0
0
0
0
0
0.0
0
0.0123548898845911
-0.0710467174649239
0.3719576895236969
0
0.0
0
0.0
27
0
12
1
-1.0
30
0
6
1
2.0
0
0
0
0
0.0
0
-0.0231044609099627
-0.5968062877655029
0.0121953804045916
0
0.0
0
0.0
6
0
12
1
-1.0
9
0
6
1
2.0
0
0
0
0
0.0
0
-0.002012202050536871
0.1310638934373856
-0.2008240967988968
0
0.0
0
0.0
30
0
6
3
-1.0
32
0
2
3
3.0
0
0
0
0
0.0
0
-0.0121228098869324
-0.3311020135879517
0.0324316583573818
0
0.0
0
0.0
8
0
6
4
-1.0
10
0
2
4
3.0
0
0
0
0
0.0
0
-0.0139670297503471
-0.4793112874031067
0.0521073900163174
0
0.0
0
0.0
34
3
3
3
-1.0
33
4
3
1
3.0
0
0
0
0
0.0
1
0.007534858770668507
-0.0988587886095047
0.3616951107978821
0
0.0
0
0.0
10
0
6
4
-1.0
12
0
2
4
3.0
0
0
0
0
0.0
0
-0.0168277490884066
-0.6132341027259827
0.0437193810939789
0
0.0
0
0.0
36
9
6
2
-1.0
38
9
2
2
3.0
0
0
0
0
0.0
0
0.00546553498134017
0.0292573906481266
-0.4150238037109375
0
0.0
0
0.0
3
9
6
2
-1.0
5
9
2
2
3.0
0
0
0
0
0.0
0
-0.005737843923270702
-0.4938167035579681
0.0447048582136631
0
0.0
0
0.0
34
3
3
3
-1.0
33
4
3
1
3.0
0
0
0
0
0.0
1
-0.009951105341315269
0.3104512095451355
-0.0606985986232758
0
0.0
0
0.0
16
10
12
1
-1.0
19
10
6
1
2.0
0
0
0
0
0.0
0
0.002886557020246983
-0.1900182962417603
0.1256804019212723
0
0.0
0
0.0
23
0
1
10
-1.0
23
0
1
5
2.0
0
0
0
0
0.0
1
0.0411295108497143
0.030545100569725
-0.420065313577652
0
0.0
0
0.0
1
5
32
4
-1.0
9
5
16
4
2.0
0
0
0
0
0.0
0
0.1693155020475388
0.0329228602349758
-0.7011848092079163
0
0.0
0
0.0
20
1
6
10
-1.0
20
1
3
10
2.0
0
0
0
0
0.0
0
0.0391142293810844
-0.1238982975482941
0.2529956102371216
0
0.0
0
0.0
0
6
44
5
-1.0
22
6
22
5
2.0
0
0
0
0
0.0
0
0.1416721045970917
-0.1185699999332428
0.2671686112880707
0
0.0
0
0.0
33
10
6
1
-1.0
35
10
2
1
3.0
0
0
0
0
0.0
0
0.002325722947716713
0.0279077496379614
-0.3400920033454895
0
0.0
0
0.0
0
3
18
4
-1.0
6
3
6
4
3.0
0
0
0
0
0.0
0
-0.0262453891336918
0.09826637804508211
-0.2575640082359314
0
0.0
0
0.0
30
3
4
2
-1.0
32
3
2
1
2.0
30
4
2
1
2.0
0
0.001828334992751479
-0.0837034434080124
0.2310135066509247
0
0.0
0
0.0
4
0
3
4
-1.0
3
1
3
2
2.0
0
0
0
0
0.0
1
0.004749669227749109
0.0613271296024323
-0.4359326958656311
0
0.0
0
0.0
33
10
6
1
-1.0
35
10
2
1
3.0
0
0
0
0
0.0
0
-0.0043565989471972
-0.4238328039646149
0.009438222274184227
0
0.0
0
0.0
6
10
6
1
-1.0
8
10
2
1
3.0
0
0
0
0
0.0
0
-0.003814717987552285
-0.6463773250579834
0.037270799279213
0
0.0
0
0.0
28
5
4
3
-1.0
29
5
2
3
2.0
0
0
0
0
0.0
0
-0.002185985911637545
0.2848627865314484
-0.1957722008228302
0
0.0
0
0.0
13
5
4
3
-1.0
14
5
2
3
2.0
0
0
0
0
0.0
0
-0.001515391049906611
0.1678110063076019
-0.1371386051177979
0
0.0
0
0.0
25
8
2
2
-1.0
26
8
1
1
2.0
25
9
1
1
2.0
0
-3.245473999413662e-5
0.0736324116587639
-0.0777876824140549
0
0.0
0
0.0
11
3
3
3
-1.0
12
4
1
3
3.0
0
0
0
0
0.0
1
0.0118858404457569
-0.0431110896170139
0.5236008763313293
0
0.0
0
0.0
28
0
2
3
-1.0
27
1
2
1
3.0
0
0
0
0
0.0
1
0.004417316988110542
0.0458498001098633
-0.3222090899944305
0
0.0
0
0.0
4
1
3
3
-1.0
5
2
1
3
3.0
0
0
0
0
0.0
1
0.007354474160820246
-0.076994776725769
0.2834421992301941
0
0.0
0
0.0
43
3
2
6
-1.0
43
5
2
2
3.0
0
0
0
0
0.0
0
-0.0141299199312925
-0.3948974907398224
0.04176190122962
0
0.0
0
0.0
0
3
2
6
-1.0
0
5
2
2
3.0
0
0
0
0
0.0
0
0.006375277880579233
0.0469008199870586
-0.485403299331665
0
0.0
0
0.0
28
6
2
1
-1.0
28
6
1
1
2.0
0
0
0
0
0.0
1
0.002377684926614165
0.0173678006976843
-0.20004540681839
0
0.0
0
0.0
17
7
9
4
-1.0
20
7
3
4
3.0
0
0
0
0
0.0
0
-0.009580825455486774
0.3630397021770477
-0.0628790184855461
0
0.0
0
0.0
24
1
2
2
-1.0
25
1
1
1
2.0
24
2
1
1
2.0
0
3.887998900609091e-5
-0.0812498107552528
0.0810688734054565
0
0.0
0
0.0
18
2
6
3
-1.0
18
2
3
3
2.0
0
0
0
0
0.0
1
-0.0880179926753044
0.4444068968296051
-0.0485203489661217
0
0.0
0
0.0
38
4
4
2
-1.0
40
4
2
1
2.0
38
5
2
1
2.0
0
0.001419760985299945
-0.105834499001503
0.2380737066268921
0
0.0
0
0.0
14
3
16
2
-1.0
14
3
8
1
2.0
22
4
8
1
2.0
0
0.008207367733120918
0.0479943305253983
-0.4695349931716919
0
0.0
0
0.0
38
4
4
2
-1.0
40
4
2
1
2.0
38
5
2
1
2.0
0
-0.002915937919169664
0.3783811032772064
-0.0608552396297455
0
0.0
0
0.0
12
0
3
9
-1.0
13
3
1
3
9.0
0
0
0
0
0.0
0
-0.0122875003144145
0.1259481012821198
-0.177018404006958
0
0.0
0
0.0
33
0
6
3
-1.0
33
1
6
1
3.0
0
0
0
0
0.0
0
-0.005683659110218287
0.2334197014570236
-0.0444960817694664
0
0.0
0
0.0
15
0
3
3
-1.0
16
1
1
3
3.0
0
0
0
0
0.0
1
-0.0139244701713324
-0.72878497838974
0.0307584293186665
0
0.0
0
0.0
31
2
3
3
-1.0
32
3
1
3
3.0
0
0
0
0
0.0
1
0.009923272766172886
-0.0393612012267113
0.3483887016773224
0
0.0
0
0.0
14
2
3
3
-1.0
13
3
3
1
3.0
0
0
0
0
0.0
1
0.0106927696615458
-0.0442237891256809
0.4271566867828369
0
0.0
0
0.0
23
9
2
2
-1.0
24
9
1
1
2.0
23
10
1
1
2.0
0
3.755480065592565e-5
-0.06449438631534581
0.1257233023643494
0
0.0
0
0.0
20
9
2
2
-1.0
20
9
1
1
2.0
21
10
1
1
2.0
0
0.0002755144087132066
0.0674459934234619
-0.3473199903964996
0
0.0
0
0.0
25
8
2
2
-1.0
26
8
1
1
2.0
25
9
1
1
2.0
0
3.594666122808121e-5
-0.0758708491921425
0.124957799911499
0
0.0
0
0.0
18
8
2
2
-1.0
18
8
1
1
2.0
19
9
1
1
2.0
0
-4.156578870606609e-5
0.1432777047157288
-0.1577503979206085
0
0.0
0
0.0
17
0
12
2
-1.0
20
0
6
2
2.0
0
0
0
0
0.0
0
0.002938089892268181
-0.2890062928199768
0.06452850252389911
0
0.0
0
0.0
8
0
18
11
-1.0
14
0
6
11
3.0
0
0
0
0
0.0
0
0.233806699514389
-0.0380702316761017
0.6060631275177002
0
0.0
0
0.0
24
1
2
2
-1.0
25
1
1
1
2.0
24
2
1
1
2.0
0
-4.055213867104612e-5
0.1788138002157211
-0.0939079597592354
0
0.0
0
0.0
19
1
2
2
-1.0
19
1
1
1
2.0
20
2
1
1
2.0
0
3.6401779652806e-5
-0.1723238974809647
0.1459642052650452
0
0.0
0
0.0
30
8
6
3
-1.0
32
8
2
3
3.0
0
0
0
0
0.0
0
0.0122575396671891
0.0273588206619024
-0.5944917798042297
0
0.0
0
0.0
19
3
2
2
-1.0
19
3
1
1
2.0
20
4
1
1
2.0
0
3.491422103252262e-5
-0.1409206986427307
0.141100600361824
0
0.0
0
0.0
26
1
10
2
-1.0
31
1
5
1
2.0
26
2
5
1
2.0
0
0.00507042882964015
-0.1195909008383751
0.3324908912181854
0
0.0
0
0.0
9
8
6
3
-1.0
11
8
2
3
3.0
0
0
0
0
0.0
0
-0.0128887603059411
-0.6895632147789
0.0317549891769886
0
0.0
0
0.0
36
1
5
6
-1.0
36
3
5
2
3.0
0
0
0
0
0.0
0
-0.01670796982944
0.09865520894527439
-0.1093738973140717
0
0.0
0
0.0
4
1
5
6
-1.0
4
3
5
2
3.0
0
0
0
0
0.0
0
0.0111487796530128
-0.06380196660757061
0.3460581004619598
0
0.0
0
0.0
36
9
8
1
-1.0
36
9
4
1
2.0
0
0
0
0
0.0
0
-0.00277992500923574
0.2098781019449234
-0.1335940062999725
0
0.0
0
0.0
3
3
6
2
-1.0
3
3
3
2
2.0
0
0
0
0
0.0
1
-0.0002440975949866697
0.0692380964756012
-0.3170874118804932
0
0.0
0
0.0
39
3
4
8
-1.0
39
3
2
8
2.0
0
0
0
0
0.0
0
-0.0297752991318703
-0.4180003106594086
0.0322431214153767
0
0.0
0
0.0
2
3
4
8
-1.0
4
3
2
8
2.0
0
0
0
0
0.0
0
-0.002915966091677547
0.1394903957843781
-0.1648450940847397
0
0.0
0
0.0
22
7
2
2
-1.0
23
7
1
1
2.0
22
8
1
1
2.0
0
-3.361744893481955e-5
0.09944154322147369
-0.08693549782037741
0
0.0
0
0.0
0
5
38
6
-1.0
0
5
19
3
2.0
19
8
19
3
2.0
0
-0.1275593042373657
-0.5993226170539856
0.0344392508268356
0
0.0
0
0.0
43
0
2
4
-1.0
43
0
1
4
2.0
0
0
0
0
0.0
1
0.0119300801306963
0.03430600091815
-0.5462340712547302
0
0.0
0
0.0
14
6
16
4
-1.0
14
6
8
2
2.0
22
8
8
2
2.0
0
0.0128053296357393
0.054770689457655
-0.3324441015720367
0
0.0
0
0.0
43
0
2
4
-1.0
43
0
1
4
2.0
0
0
0
0
0.0
1
-0.0110163297504187
-0.3388048112392426
0.0193178597837687
0
0.0
0
0.0
12
4
3
4
-1.0
13
4
1
4
3.0
0
0
0
0
0.0
0
-0.001525689964182675
0.1910459995269775
-0.1074023991823196
0
0.0
0
0.0
-1.449862957000732
