[Header]
17
7
7
14
21
23
26
30
33
43
49
56
70
77
67
99
105
133
[Nodes]
22x5
3
1
15
2
-1.0
8
1
5
2
3.0
0
0
0
0
0.0
0
0.2526662945747376
-0.7711064219474792
0.8083379864692688
0
0.0
0
0.0
17
3
5
2
-1.0
17
4
5
1
2.0
0
0
0
0
0.0
0
0.005609712097793818
-0.7382487058639526
0.3885168135166168
0
0.0
0
0.0
8
0
6
5
-1.0
10
0
2
5
3.0
0
0
0
0
0.0
0
0.1529859006404877
-0.5524439215660095
0.6428967118263245
0
0.0
0
0.0
16
1
3
3
-1.0
17
2
1
1
9.0
0
0
0
0
0.0
0
-0.041561521589756
0.462877094745636
-0.5341588854789734
0
0.0
0
0.0
1
2
20
2
-1.0
1
2
10
1
2.0
11
3
10
1
2.0
0
0.4064395129680634
0.0170928593724966
-4673.2509765625
0
0.0
0
0.0
16
2
5
2
-1.0
16
3
5
1
2.0
0
0
0
0
0.0
0
0.0296334698796272
-0.4434844851493835
0.5070301294326782
0
0.0
0
0.0
1
3
1
2
-1.0
1
4
1
1
2.0
0
0
0
0
0.0
0
0.0001028572005452588
-0.6646639108657837
0.3020784854888916
0
0.0
0
0.0
-1.723235011100769
3
1
15
2
-1.0
8
1
5
2
3.0
0
0
0
0
0.0
0
0.3342517912387848
-0.656584620475769
0.722246527671814
0
0.0
0
0.0
16
2
5
2
-1.0
16
3
5
1
2.0
0
0
0
0
0.0
0
0.0346819795668125
-0.6552636027336121
0.5463399887084961
0
0.0
0
0.0
3
1
3
3
-1.0
4
2
1
1
9.0
0
0
0
0
0.0
0
-0.0534898117184639
0.4989432096481323
-0.5077415108680725
0
0.0
0
0.0
10
0
4
5
-1.0
10
0
2
5
2.0
0
0
0
0
0.0
0
0.1027211993932724
-0.2844530940055847
0.4049448966979981
0
0.0
0
0.0
0
3
3
2
-1.0
0
4
3
1
2.0
0
0
0
0
0.0
0
0.000140779695357196
-0.7902024984359741
0.3444094955921173
0
0.0
0
0.0
10
0
4
5
-1.0
10
0
2
5
2.0
0
0
0
0
0.0
0
0.2322703003883362
-0.1301804929971695
0.4313975870609283
0
0.0
0
0.0
8
0
4
5
-1.0
10
0
2
5
2.0
0
0
0
0
0.0
0
0.080413393676281
-0.463767796754837
0.4882495105266571
0
0.0
0
0.0
-1.401564002037048
5
0
12
3
-1.0
9
0
4
3
3.0
0
0
0
0
0.0
0
0.3527685105800629
-0.6308009028434753
0.6519911885261536
0
0.0
0
0.0
16
1
3
4
-1.0
16
3
3
2
2.0
0
0
0
0
0.0
0
0.0732240602374077
-0.5955833792686462
0.488310694694519
0
0.0
0
0.0
3
0
4
1
-1.0
4
1
2
1
2.0
0
0
0
0
0.0
1
-0.02263412065804
0.419872909784317
-0.5654544234275818
0
0.0
0
0.0
8
0
6
5
-1.0
10
0
2
5
3.0
0
0
0
0
0.0
0
0.2229817062616348
-0.3186086118221283
0.4877224862575531
0
0.0
0
0.0
0
2
5
2
-1.0
0
3
5
1
2.0
0
0
0
0
0.0
0
0.0183574296534061
-0.4086276888847351
0.39951491355896
0
0.0
0
0.0
20
3
1
2
-1.0
20
4
1
1
2.0
0
0
0
0
0.0
0
0.0001271119981538504
-0.4723080098628998
0.205218493938446
0
0.0
0
0.0
4
4
3
1
-1.0
5
4
1
1
3.0
0
0
0
0
0.0
0
0.0108341602608562
0.1331830024719238
-0.7791494727134705
0
0.0
0
0.0
17
3
5
2
-1.0
17
4
5
1
2.0
0
0
0
0
0.0
0
-0.007930159568786621
-0.5978981256484985
0.0493724681437016
0
0.0
0
0.0
2
1
12
1
-1.0
8
1
6
1
2.0
0
0
0
0
0.0
0
0.29459610581398
-0.009994331747293472
-3934.60693359375
0
0.0
0
0.0
20
3
1
2
-1.0
20
4
1
1
2.0
0
0
0
0
0.0
0
0.0239798706024885
0.0653594881296158
-0.504849910736084
0
0.0
0
0.0
1
3
1
2
-1.0
1
4
1
1
2.0
0
0
0
0
0.0
0
0.0001028572005452588
-0.6223191022872925
0.1374989002943039
0
0.0
0
0.0
4
2
16
2
-1.0
8
2
8
2
2.0
0
0
0
0
0.0
0
0.1328265964984894
-0.3416162133216858
0.2717226147651672
0
0.0
0
0.0
7
3
8
2
-1.0
7
3
4
1
2.0
11
4
4
1
2.0
0
-0.0373767800629139
-0.746713399887085
0.1147433966398239
0
0.0
0
0.0
13
3
5
2
-1.0
13
4
5
1
2.0
0
0
0
0
0.0
0
0.007341439835727215
-0.3496235907077789
0.1292906999588013
0
0.0
0
0.0
-1.901594996452332
3
1
15
2
-1.0
8
1
5
2
3.0
0
0
0
0
0.0
0
0.3591364920139313
-0.5852038860321045
0.5831562876701355
0
0.0
0
0.0
17
2
1
2
-1.0
17
2
1
1
2.0
0
0
0
0
0.0
1
-0.009201626293361187
0.2337868064641953
-0.5213131904602051
0
0.0
0
0.0
5
2
2
1
-1.0
5
2
1
1
2.0
0
0
0
0
0.0
1
-0.0154673596844077
0.3357514142990112
-0.5408478975296021
0
0.0
0
0.0
8
0
6
5
-1.0
10
0
2
5
3.0
0
0
0
0
0.0
0
0.1552383005619049
-0.4648830890655518
0.4395757913589478
0
0.0
0
0.0
5
2
1
2
-1.0
5
2
1
1
2.0
0
0
0
0
0.0
1
-0.0103788999840617
0.2285542041063309
-0.4747259914875031
0
0.0
0
0.0
20
2
2
2
-1.0
20
2
1
2
2.0
0
0
0
0
0.0
0
-0.00752541096881032
0.3016864955425263
-0.284912496805191
0
0.0
0
0.0
0
2
2
2
-1.0
1
2
1
2
2.0
0
0
0
0
0.0
0
-0.000126294806250371
0.2231729030609131
-0.3981136083602905
0
0.0
0
0.0
12
0
2
1
-1.0
12
0
1
1
2.0
0
0
0
0
0.0
0
0.0001250744971912354
-0.3672328889369965
0.1385204941034317
0
0.0
0
0.0
3
4
3
1
-1.0
4
4
1
1
3.0
0
0
0
0
0.0
0
-0.009078212082386017
-0.68277508020401
0.1098302975296974
0
0.0
0
0.0
6
2
10
2
-1.0
11
2
5
1
2.0
6
3
5
1
2.0
0
-0.049800768494606
-0.7118374705314636
0.09587776660919189
0
0.0
0
0.0
4
2
1
2
-1.0
4
2
1
1
2.0
0
0
0
0
0.0
1
0.1072968021035194
-0.0198284294456244
-2698.81201171875
0
0.0
0
0.0
20
3
2
2
-1.0
20
4
2
1
2.0
0
0
0
0
0.0
0
-0.002954562893137336
-0.5966340899467468
0.1437848955392838
0
0.0
0
0.0
8
0
2
1
-1.0
9
0
1
1
2.0
0
0
0
0
0.0
0
0.0001250744971912354
-0.4219875931739807
0.1265437006950378
0
0.0
0
0.0
20
3
2
2
-1.0
20
4
2
1
2.0
0
0
0
0
0.0
0
0.0507127307355404
0.0368256606161594
-0.7281960844993591
0
0.0
0
0.0
0
3
2
2
-1.0
0
4
2
1
2.0
0
0
0
0
0.0
0
0.0001493671006755903
-0.5385984778404236
0.1298418939113617
0
0.0
0
0.0
2
1
20
4
-1.0
12
1
10
2
2.0
2
3
10
2
2.0
0
0.2437365055084229
0.0569615103304386
-0.71023291349411
0
0.0
0
0.0
1
0
5
4
-1.0
1
1
5
2
2.0
0
0
0
0
0.0
0
-0.0600150190293789
0.2469456046819687
-0.2502039074897766
0
0.0
0
0.0
10
4
12
1
-1.0
10
4
6
1
2.0
0
0
0
0
0.0
0
0.0874126628041267
0.05855230987072
-0.2872526943683624
0
0.0
0
0.0
0
4
12
1
-1.0
6
4
6
1
2.0
0
0
0
0
0.0
0
-0.09091904759407041
-0.6881564855575562
0.0880744829773903
0
0.0
0
0.0
10
2
6
3
-1.0
12
2
2
3
3.0
0
0
0
0
0.0
0
0.1481955051422119
-0.08334670960903171
0.5128626227378845
0
0.0
0
0.0
8
2
6
3
-1.0
10
2
2
3
3.0
0
0
0
0
0.0
0
0.2177619934082031
-0.1130203977227211
0.4898183941841126
0
0.0
0
0.0
-1.847128033638
2
1
16
2
-1.0
6
1
8
2
2.0
0
0
0
0
0.0
0
0.2408764064311981
-0.5451133251190186
0.4999712109565735
0
0.0
0
0.0
13
1
5
4
-1.0
13
3
5
2
2.0
0
0
0
0
0.0
0
0.0914550274610519
-0.5453007221221924
0.3651191890239716
0
0.0
0
0.0
7
0
4
3
-1.0
9
0
2
3
2.0
0
0
0
0
0.0
0
0.06296089291572569
-0.4504084885120392
0.3127841949462891
0
0.0
0
0.0
16
1
3
3
-1.0
17
2
1
1
9.0
0
0
0
0
0.0
0
-0.0448659397661686
0.3819159865379334
-0.4031482040882111
0
0.0
0
0.0
5
2
1
2
-1.0
5
2
1
1
2.0
0
0
0
0
0.0
1
-0.0137748196721077
0.2556776106357575
-0.5279502272605896
0
0.0
0
0.0
9
2
4
3
-1.0
10
2
2
3
2.0
0
0
0
0
0.0
0
0.03093096986413
-0.3218415975570679
0.3261575996875763
0
0.0
0
0.0
1
3
2
2
-1.0
1
4
2
1
2.0
0
0
0
0
0.0
0
0.002889147959649563
-0.5894880890846252
0.1343344002962112
0
0.0
0
0.0
17
4
3
1
-1.0
18
4
1
1
3.0
0
0
0
0
0.0
0
0.008047429844737053
0.1313284933567047
-0.6860215067863464
0
0.0
0
0.0
2
4
3
1
-1.0
3
4
1
1
3.0
0
0
0
0
0.0
0
0.009555579163134098
0.09818728268146509
-0.6792752742767334
0
0.0
0
0.0
13
0
6
1
-1.0
15
0
2
1
3.0
0
0
0
0
0.0
0
-0.00316768791526556
0.1139028966426849
-0.2320346981287003
0
0.0
0
0.0
4
0
5
2
-1.0
4
1
5
1
2.0
0
0
0
0
0.0
0
-0.0164961200207472
0.2569769024848938
-0.2660340964794159
0
0.0
0
0.0
13
0
6
1
-1.0
15
0
2
1
3.0
0
0
0
0
0.0
0
-0.09643404185771939
-0.68036687374115
0.0261034406721592
0
0.0
0
0.0
3
0
6
1
-1.0
5
0
2
1
3.0
0
0
0
0
0.0
0
-0.0101298801600933
0.2653768062591553
-0.2865482866764069
0
0.0
0
0.0
9
0
4
1
-1.0
10
0
2
1
2.0
0
0
0
0
0.0
0
0.0003549164975993335
-0.4500123858451843
0.1557054072618485
0
0.0
0
0.0
3
2
3
1
-1.0
4
2
1
1
3.0
0
0
0
0
0.0
0
-0.01087936013937
0.2852602899074554
-0.2204159051179886
0
0.0
0
0.0
18
4
3
1
-1.0
19
4
1
1
3.0
0
0
0
0
0.0
0
-0.0133209601044655
-0.6286336183547974
0.0756023898720741
0
0.0
0
0.0
1
4
3
1
-1.0
2
4
1
1
3.0
0
0
0
0
0.0
0
0.009170113131403923
0.1067252978682518
-0.5646225214004517
0
0.0
0
0.0
9
0
4
5
-1.0
9
0
2
5
2.0
0
0
0
0
0.0
0
-0.1756207942962647
0.6023464798927307
-0.1105926036834717
0
0.0
0
0.0
6
2
10
2
-1.0
6
2
5
1
2.0
11
3
5
1
2.0
0
0.0341055616736412
0.1336347013711929
-0.4956767857074738
0
0.0
0
0.0
8
2
8
2
-1.0
12
2
4
1
2.0
8
3
4
1
2.0
0
-0.0643843710422516
-0.5880644917488098
0.0320239402353764
0
0.0
0
0.0
6
2
8
2
-1.0
6
2
4
1
2.0
10
3
4
1
2.0
0
-0.0460324808955193
-0.6143289804458618
0.0994031131267548
0
0.0
0
0.0
16
1
5
3
-1.0
16
2
5
1
3.0
0
0
0
0
0.0
0
-0.0384022481739521
0.1604094058275223
-0.1873051971197128
0
0.0
0
0.0
0
1
21
3
-1.0
7
2
7
1
9.0
0
0
0
0
0.0
0
-0.470980703830719
-0.8141909837722778
0.06280291080474849
0
0.0
0
0.0
-1.749861001968384
8
2
6
2
-1.0
10
2
2
2
3.0
0
0
0
0
0.0
0
0.4078958034515381
-0.000216677100979723
4094.39404296875
0
0.0
0
0.0
5
0
12
3
-1.0
8
0
6
3
2.0
0
0
0
0
0.0
0
0.2218903005123138
-0.5719025731086731
0.3176411092281342
0
0.0
0
0.0
3
1
3
3
-1.0
4
2
1
1
9.0
0
0
0
0
0.0
0
-0.0679081231355667
0.4214872121810913
-0.4698249995708466
0
0.0
0
0.0
14
2
2
1
-1.0
14
2
1
1
2.0
0
0
0
0
0.0
1
0.008108279667794704
0.1225956007838249
-0.4136815965175629
0
0.0
0
0.0
9
1
2
3
-1.0
10
1
1
3
2.0
0
0
0
0
0.0
0
0.0175196807831526
-0.386253297328949
0.3089705109596252
0
0.0
0
0.0
17
1
5
4
-1.0
17
3
5
2
2.0
0
0
0
0
0.0
0
0.08119338750839231
-0.6375020742416382
0.3839319050312042
0
0.0
0
0.0
2
2
16
2
-1.0
6
2
8
2
2.0
0
0
0
0
0.0
0
0.1475138068199158
-0.4631600081920624
0.2451909929513931
0
0.0
0
0.0
20
2
2
1
-1.0
20
2
1
1
2.0
0
0
0
0
0.0
0
-0.004639145918190479
0.2801133990287781
-0.31145840883255
0
0.0
0
0.0
0
2
2
1
-1.0
1
2
1
1
2.0
0
0
0
0
0.0
0
-0.0002553217927925289
0.2138828039169312
-0.4466992020606995
0
0.0
0
0.0
17
1
5
4
-1.0
17
3
5
2
2.0
0
0
0
0
0.0
0
0.3518253862857819
0.0239298101514578
-0.8244767785072327
0
0.0
0
0.0
0
1
5
4
-1.0
0
3
5
2
2.0
0
0
0
0
0.0
0
0.0724168568849564
-0.3899424076080322
0.184861496090889
0
0.0
0
0.0
12
0
4
1
-1.0
13
1
2
1
2.0
0
0
0
0
0.0
1
-0.0123144201934338
0.1169440001249313
-0.162452906370163
0
0.0
0
0.0
7
3
8
2
-1.0
7
3
4
1
2.0
11
4
4
1
2.0
0
0.0420644916594028
0.1099952012300491
-0.7158398032188416
0
0.0
0
0.0
5
0
12
4
-1.0
11
0
6
2
2.0
5
2
6
2
2.0
0
0.1470896005630493
0.0647203177213669
-0.7278063297271729
0
0.0
0
0.0
10
3
2
2
-1.0
10
3
1
1
2.0
11
4
1
1
2.0
0
-0.008573943749070168
-0.6512069702148438
0.064630962908268
0
0.0
0
0.0
20
3
2
2
-1.0
20
4
2
1
2.0
0
0
0
0
0.0
0
0.0002488424943294376
-0.3854041993618012
0.1037364006042481
0
0.0
0
0.0
8
0
2
1
-1.0
9
0
1
1
2.0
0
0
0
0
0.0
0
0.0003026438935194165
-0.35174098610878
0.133521094918251
0
0.0
0
0.0
15
0
4
3
-1.0
15
1
4
1
3.0
0
0
0
0
0.0
0
-0.0396366305649281
0.3242065906524658
-0.1959009021520615
0
0.0
0
0.0
10
0
2
5
-1.0
11
0
1
5
2.0
0
0
0
0
0.0
0
0.0399224609136581
-0.118956096470356
0.446347713470459
0
0.0
0
0.0
9
1
6
4
-1.0
11
1
2
4
3.0
0
0
0
0
0.0
0
-0.142492800951004
0.5641438961029053
-0.0645077601075172
0
0.0
0
0.0
6
1
9
4
-1.0
9
1
3
4
3.0
0
0
0
0
0.0
0
0.3615724146366119
-0.1685543954372406
0.347489595413208
0
0.0
0
0.0
20
3
2
2
-1.0
20
4
2
1
2.0
0
0
0
0
0.0
0
0.0400573015213013
0.059359360486269
-0.5140206813812256
0
0.0
0
0.0
0
3
2
2
-1.0
0
4
2
1
2.0
0
0
0
0
0.0
0
0.0003206554974894971
-0.5201929211616516
0.1044785976409912
0
0.0
0
0.0
2
3
20
2
-1.0
12
3
10
1
2.0
2
4
10
1
2.0
0
0.0759185999631882
0.059021171182394
-0.6039643287658691
0
0.0
0
0.0
4
0
2
1
-1.0
4
0
1
1
2.0
0
0
0
0
0.0
1
0.008808890357613564
-0.3051787912845612
0.1959865987300873
0
0.0
0
0.0
17
4
3
1
-1.0
18
4
1
1
3.0
0
0
0
0
0.0
0
-0.0115059996023774
-0.6903548240661621
0.09596631675958631
0
0.0
0
0.0
-1.69234299659729
3
1
5
4
-1.0
3
3
5
2
2.0
0
0
0
0
0.0
0
0.0899427011609077
-0.5580319166183472
0.3151051104068756
0
0.0
0
0.0
8
1
6
3
-1.0
10
1
2
3
3.0
0
0
0
0
0.0
0
0.1411668062210083
-0.3545598089694977
0.3423449099063873
0
0.0
0
0.0
3
1
3
3
-1.0
4
2
1
1
9.0
0
0
0
0
0.0
0
-0.049074299633503
0.2842924892902374
-0.4762968122959137
0
0.0
0
0.0
2
1
18
4
-1.0
11
1
9
2
2.0
2
3
9
2
2.0
0
0.0889812335371971
0.2126241028308868
-0.5920116901397705
0
0.0
0
0.0
2
1
18
2
-1.0
8
1
6
2
3.0
0
0
0
0
0.0
0
0.4573613107204437
-0.3411006033420563
0.3183233141899109
0
0.0
0
0.0
14
2
2
1
-1.0
14
2
1
1
2.0
0
0
0
0
0.0
1
-0.0002084778971038759
0.0920471474528313
-0.1928243935108185
0
0.0
0
0.0
4
0
1
4
-1.0
3
1
1
2
2.0
0
0
0
0
0.0
1
-0.0002563826856203377
0.1802701950073242
-0.5007755756378174
0
0.0
0
0.0
14
2
2
1
-1.0
14
2
1
1
2.0
0
0
0
0
0.0
1
-0.0436275489628315
-0.7093405723571777
0.0261410400271416
0
0.0
0
0.0
8
2
1
2
-1.0
8
2
1
1
2.0
0
0
0
0
0.0
1
-0.0001214803996845149
0.1780470013618469
-0.3874286115169525
0
0.0
0
0.0
16
4
2
1
-1.0
16
4
1
1
2.0
0
0
0
0
0.0
0
0.006661420222371817
0.0952365696430206
-0.6419975161552429
0
0.0
0
0.0
4
4
2
1
-1.0
5
4
1
1
2.0
0
0
0
0
0.0
0
0.0101335803046823
0.0453622788190842
-0.739159107208252
0
0.0
0
0.0
16
2
3
3
-1.0
17
2
1
3
3.0
0
0
0
0
0.0
0
-0.00745274918153882
0.3466396927833557
-0.4109731018543243
0
0.0
0
0.0
5
0
12
4
-1.0
5
0
6
2
2.0
11
2
6
2
2.0
0
0.1865476965904236
0.0465162917971611
-0.7623959183692932
0
0.0
0
0.0
6
1
16
4
-1.0
10
1
8
4
2.0
0
0
0
0
0.0
0
0.348878413438797
0.044766940176487
-0.3729743957519531
0
0.0
0
0.0
3
4
3
1
-1.0
4
4
1
1
3.0
0
0
0
0
0.0
0
0.009012999013066292
0.0924227014183998
-0.5618343949317932
0
0.0
0
0.0
15
0
5
3
-1.0
15
1
5
1
3.0
0
0
0
0
0.0
0
-0.07863693684339521
0.4578678905963898
-0.1665771007537842
0
0.0
0
0.0
9
1
4
4
-1.0
11
1
2
4
2.0
0
0
0
0
0.0
0
0.12116239964962
-0.083181731402874
0.5231279730796814
0
0.0
0
0.0
13
3
5
2
-1.0
13
4
5
1
2.0
0
0
0
0
0.0
0
0.001891506952233613
-0.4330990016460419
0.1231160014867783
0
0.0
0
0.0
6
0
9
1
-1.0
9
0
3
1
3.0
0
0
0
0
0.0
0
0.0347660891711712
-0.3878085017204285
0.1319140046834946
0
0.0
0
0.0
16
0
4
3
-1.0
16
1
4
1
3.0
0
0
0
0
0.0
0
0.0523517988622189
-0.07468452304601669
0.4756622910499573
0
0.0
0
0.0
7
0
1
4
-1.0
6
1
1
2
2.0
0
0
0
0
0.0
1
-0.0303400792181492
0.1988417953252792
-0.2310146987438202
0
0.0
0
0.0
14
2
2
2
-1.0
15
2
1
1
2.0
14
3
1
1
2.0
0
0.0068641840480268
-0.08948253840208049
0.2937439978122711
0
0.0
0
0.0
0
4
12
1
-1.0
6
4
6
1
2.0
0
0
0
0
0.0
0
-0.07141821086406711
-0.5831571817398071
0.0824320167303085
0
0.0
0
0.0
3
3
16
2
-1.0
11
3
8
1
2.0
3
4
8
1
2.0
0
-0.0846038311719894
-0.7170382738113403
0.0465656407177448
0
0.0
0
0.0
3
0
4
3
-1.0
3
1
4
1
3.0
0
0
0
0
0.0
0
-0.0594934485852718
0.3473120033740997
-0.1196561008691788
0
0.0
0
0.0
16
0
4
3
-1.0
16
1
4
1
3.0
0
0
0
0
0.0
0
0.1099494025111198
-0.007989070378243923
0.3411171138286591
0
0.0
0
0.0
2
0
4
3
-1.0
2
1
4
1
3.0
0
0
0
0
0.0
0
0.0491113886237144
-0.1024158969521523
0.4681828022003174
0
0.0
0
0.0
7
2
9
3
-1.0
10
2
3
3
3.0
0
0
0
0
0.0
0
0.3636780977249146
-0.0831590816378593
0.3714585900306702
0
0.0
0
0.0
9
0
4
5
-1.0
11
0
2
5
2.0
0
0
0
0
0.0
0
-0.1586533933877945
0.5047429800033569
-0.0834626629948616
0
0.0
0
0.0
10
3
4
2
-1.0
12
3
2
1
2.0
10
4
2
1
2.0
0
-0.0251513607800007
-0.4532653093338013
0.0780590176582336
0
0.0
0
0.0
-1.618749022483826
2
1
16
2
-1.0
6
1
8
2
2.0
0
0
0
0
0.0
0
0.1649594008922577
-0.6332700848579407
0.2166659981012344
0
0.0
0
0.0
13
0
5
4
-1.0
13
1
5
2
2.0
0
0
0
0
0.0
0
-0.0438757613301277
0.3239826858043671
-0.5365409255027771
0
0.0
0
0.0
0
3
3
2
-1.0
0
4
3
1
2.0
0
0
0
0
0.0
0
0.009600158780813217
-0.5327348709106445
0.1838084012269974
0
0.0
0
0.0
10
0
6
5
-1.0
10
0
3
5
2.0
0
0
0
0
0.0
0
0.07870551943779
-0.3804650902748108
0.0857776030898094
0
0.0
0
0.0
3
2
3
1
-1.0
4
2
1
1
3.0
0
0
0
0
0.0
0
-0.009912376292049885
0.30974680185318
-0.3024269938468933
0
0.0
0
0.0
10
0
6
4
-1.0
10
0
3
4
2.0
0
0
0
0
0.0
0
0.2142370939254761
-0.1307654976844788
0.1546590030193329
0
0.0
0
0.0
4
2
12
1
-1.0
10
2
6
1
2.0
0
0
0
0
0.0
0
0.0385532900691032
-0.4112997949123383
0.2216213941574097
0
0.0
0
0.0
21
2
1
2
-1.0
21
3
1
1
2.0
0
0
0
0
0.0
0
0.0002494766085874289
-0.3958852887153626
0.1867167949676514
0
0.0
0
0.0
4
0
2
1
-1.0
5
0
1
1
2.0
0
0
0
0
0.0
0
-0.0002319408959010616
0.2296389937400818
-0.2885102033615112
0
0.0
0
0.0
16
4
3
1
-1.0
17
4
1
1
3.0
0
0
0
0
0.0
0
0.010282140225172
0.0711410716176033
-0.7497838139533997
0
0.0
0
0.0
0
2
5
2
-1.0
0
3
5
1
2.0
0
0
0
0
0.0
0
0.0198998004198074
-0.3733910024166107
0.1427987068891525
0
0.0
0
0.0
0
3
22
2
-1.0
11
3
11
1
2.0
0
4
11
1
2.0
0
0.0910358279943466
0.0707562267780304
-0.6638950705528259
0
0.0
0
0.0
9
1
3
4
-1.0
10
1
1
4
3.0
0
0
0
0
0.0
0
0.039384838193655
-0.2262676954269409
0.2464784979820252
0
0.0
0
0.0
13
3
5
2
-1.0
13
4
5
1
2.0
0
0
0
0
0.0
0
0.0109996302053332
-0.2625407874584198
0.1163086965680122
0
0.0
0
0.0
6
0
10
2
-1.0
6
0
5
1
2.0
11
1
5
1
2.0
0
-0.0518086813390255
-0.5961403250694275
0.0859828814864159
0
0.0
0
0.0
16
0
5
3
-1.0
16
1
5
1
3.0
0
0
0
0
0.0
0
-0.0737882182002068
0.2593846023082733
-0.1041978970170021
0
0.0
0
0.0
1
0
5
3
-1.0
1
1
5
1
3.0
0
0
0
0
0.0
0
0.0469907410442829
-0.1350554972887039
0.4308831989765167
0
0.0
0
0.0
16
4
3
1
-1.0
17
4
1
1
3.0
0
0
0
0
0.0
0
-0.009718745015561581
-0.6842281222343445
0.1098759025335312
0
0.0
0
0.0
0
2
2
3
-1.0
1
2
1
3
2.0
0
0
0
0
0.0
0
-0.0003539753088261932
0.1443437933921814
-0.3249225914478302
0
0.0
0
0.0
16
4
3
1
-1.0
17
4
1
1
3.0
0
0
0
0
0.0
0
0.0142436400055885
0.025580020621419
-0.7005106210708618
0
0.0
0
0.0
9
1
4
4
-1.0
11
1
2
4
2.0
0
0
0
0
0.0
0
-0.130590096116066
0.482319712638855
-0.0978557989001274
0
0.0
0
0.0
16
4
3
1
-1.0
17
4
1
1
3.0
0
0
0
0
0.0
0
-0.0177217200398445
-0.7623056173324585
0.031668808311224
0
0.0
0
0.0
3
4
3
1
-1.0
4
4
1
1
3.0
0
0
0
0
0.0
0
-0.009283080697059631
-0.5619375705718994
0.0765757337212563
0
0.0
0
0.0
12
0
2
1
-1.0
12
0
1
1
2.0
0
0
0
0
0.0
0
0.0002486504963599145
-0.4124997854232788
0.1330009996891022
0
0.0
0
0.0
4
4
3
1
-1.0
5
4
1
1
3.0
0
0
0
0
0.0
0
-0.0147960502654314
-0.6981794238090515
0.0525363907217979
0
0.0
0
0.0
13
3
5
2
-1.0
13
4
5
1
2.0
0
0
0
0
0.0
0
0.144597202539444
0.008033016696572304
-0.8675752878189087
0
0.0
0
0.0
4
3
5
2
-1.0
4
4
5
1
2.0
0
0
0
0
0.0
0
0.015795610845089
-0.2927311062812805
0.1363624930381775
0
0.0
0
0.0
14
2
3
1
-1.0
15
2
1
1
3.0
0
0
0
0
0.0
0
0.0131048103794456
-0.2231092005968094
0.5772743821144104
0
0.0
0
0.0
8
0
6
5
-1.0
11
0
3
5
2.0
0
0
0
0
0.0
0
0.2230173945426941
-0.09330128133296969
0.4945294857025147
0
0.0
0
0.0
16
4
6
1
-1.0
18
4
2
1
3.0
0
0
0
0
0.0
0
-0.0496648699045181
-0.51878559589386
0.0345804914832115
0
0.0
0
0.0
0
4
6
1
-1.0
2
4
2
1
3.0
0
0
0
0
0.0
0
-0.0459476113319397
-0.6596763730049133
0.0588447116315365
0
0.0
0
0.0
18
0
4
2
-1.0
20
0
2
1
2.0
18
1
2
1
2.0
0
-0.010404409840703
0.2622630894184113
-0.1861764937639237
0
0.0
0
0.0
8
4
6
1
-1.0
10
4
2
1
3.0
0
0
0
0
0.0
0
0.0291253700852394
-0.1883364021778107
0.2108985930681229
0
0.0
0
0.0
-1.6774560213089
4
0
3
1
-1.0
5
1
1
1
3.0
0
0
0
0
0.0
1
-0.0276011899113655
0.2859902083873749
-0.4109694063663483
0
0.0
0
0.0
6
2
14
1
-1.0
6
2
7
1
2.0
0
0
0
0
0.0
0
0.0378576517105103
-0.4589497148990631
0.1315708011388779
0
0.0
0
0.0
2
2
14
1
-1.0
9
2
7
1
2.0
0
0
0
0
0.0
0
0.0878514498472214
-0.4639217853546143
0.2676733136177063
0
0.0
0
0.0
20
2
2
1
-1.0
20
2
1
1
2.0
0
0
0
0
0.0
0
-0.006699531804770231
0.3444162905216217
-0.3575634062290192
0
0.0
0
0.0
3
1
2
2
-1.0
3
1
1
1
2.0
4
2
1
1
2.0
0
-0.00021192200074438
0.2853515148162842
-0.2509905099868774
0
0.0
0
0.0
13
1
5
4
-1.0
13
3
5
2
2.0
0
0
0
0
0.0
0
0.0733317583799362
-0.5104925036430359
0.208419993519783
0
0.0
0
0.0
9
0
4
5
-1.0
10
0
2
5
2.0
0
0
0
0
0.0
0
0.070513516664505
-0.2943550050258637
0.2490831017494202
0
0.0
0
0.0
20
3
1
2
-1.0
20
4
1
1
2.0
0
0
0
0
0.0
0
0.0002487782039679587
-0.453013688325882
0.1106069982051849
0
0.0
0
0.0
0
1
2
2
-1.0
0
1
1
1
2.0
1
2
1
1
2.0
0
-0.003471256932243705
0.2818650007247925
-0.2202538996934891
0
0.0
0
0.0
13
0
2
1
-1.0
13
0
1
1
2.0
0
0
0
0
0.0
0
0.0002471790066920221
-0.2456589937210083
0.0864437595009804
0
0.0
0
0.0
8
0
4
1
-1.0
9
0
2
1
2.0
0
0
0
0
0.0
0
0.0001298642018809915
-0.3502730131149292
0.1467843949794769
0
0.0
0
0.0
19
3
3
2
-1.0
19
4
3
1
2.0
0
0
0
0
0.0
0
0.069045290350914
0.0304644200950861
-0.6050962805747986
0
0.0
0
0.0
0
3
3
2
-1.0
0
4
3
1
2.0
0
0
0
0
0.0
0
0.0002793536114040762
-0.6039000153541565
0.0861184969544411
0
0.0
0
0.0
5
0
12
4
-1.0
11
0
6
2
2.0
5
2
6
2
2.0
0
-0.1428222954273224
-0.5724645256996155
0.0726439207792282
0
0.0
0
0.0
4
0
5
4
-1.0
4
1
5
2
2.0
0
0
0
0
0.0
0
-0.0361952185630798
0.1450850069522858
-0.2987934052944183
0
0.0
0
0.0
16
0
3
3
-1.0
16
1
3
1
3.0
0
0
0
0
0.0
0
-0.0306622795760632
0.2218796014785767
-0.1656057983636856
0
0.0
0
0.0
3
0
3
3
-1.0
3
1
3
1
3.0
0
0
0
0
0.0
0
0.0419924110174179
-0.1077400967478752
0.4818230867385864
0
0.0
0
0.0
7
2
10
2
-1.0
12
2
5
1
2.0
7
3
5
1
2.0
0
-0.0799415111541748
-0.471714198589325
0.0374956503510475
0
0.0
0
0.0
5
2
10
2
-1.0
5
2
5
1
2.0
10
3
5
1
2.0
0
-0.06402786821126941
-0.645781397819519
0.0705836564302444
0
0.0
0
0.0
14
0
4
1
-1.0
15
0
2
1
2.0
0
0
0
0
0.0
0
-0.0002186491037718952
0.1457661986351013
-0.2679316103458405
0
0.0
0
0.0
3
4
3
1
-1.0
4
4
1
1
3.0
0
0
0
0
0.0
0
-0.0141139999032021
-0.7731025218963623
0.0430315397679806
0
0.0
0
0.0
14
0
4
1
-1.0
15
0
2
1
2.0
0
0
0
0
0.0
0
-0.0275833904743195
-0.4605224132537842
0.0125418798997998
0
0.0
0
0.0
4
1
5
4
-1.0
4
3
5
2
2.0
0
0
0
0
0.0
0
0.3208009004592896
0.0386559292674065
-0.8062068819999695
0
0.0
0
0.0
16
0
4
3
-1.0
16
1
4
1
3.0
0
0
0
0
0.0
0
0.0358313098549843
-0.0662941709160805
0.3263883888721466
0
0.0
0
0.0
2
0
4
3
-1.0
2
1
4
1
3.0
0
0
0
0
0.0
0
-0.0798180103302002
0.4167965948581696
-0.0912656933069229
0
0.0
0
0.0
14
0
3
1
-1.0
15
0
1
1
3.0
0
0
0
0
0.0
0
-0.0002654516138136387
0.1101180985569954
-0.1570180058479309
0
0.0
0
0.0
4
0
4
1
-1.0
5
0
2
1
2.0
0
0
0
0
0.0
0
-0.0002419847005512565
0.1352030038833618
-0.2412625998258591
0
0.0
0
0.0
16
4
3
1
-1.0
17
4
1
1
3.0
0
0
0
0
0.0
0
0.006997032091021538
0.0612093694508076
-0.4995999932289124
0
0.0
0
0.0
0
1
18
1
-1.0
9
1
9
1
2.0
0
0
0
0
0.0
0
0.187206894159317
0.0565490201115608
-0.5114173293113708
0
0.0
0
0.0
15
0
3
1
-1.0
16
0
1
1
3.0
0
0
0
0
0.0
0
0.0253924299031496
0.0129433795809746
-0.5729435086250305
0
0.0
0
0.0
5
2
3
1
-1.0
6
2
1
1
3.0
0
0
0
0
0.0
0
0.0195981692522764
-0.0810285732150078
0.4177010953426361
0
0.0
0
0.0
15
0
3
1
-1.0
16
0
1
1
3.0
0
0
0
0
0.0
0
-0.0305633507668972
-0.773541271686554
0.01783449947834
0
0.0
0
0.0
4
0
3
1
-1.0
5
0
1
1
3.0
0
0
0
0
0.0
0
-0.0175109803676605
-0.5898250937461853
0.0511760301887989
0
0.0
0
0.0
19
2
2
2
-1.0
20
2
1
1
2.0
19
3
1
1
2.0
0
0.008017390966415405
-0.088888056576252
0.2514989078044891
0
0.0
0
0.0
1
2
3
1
-1.0
2
2
1
1
3.0
0
0
0
0
0.0
0
0.0300783291459084
-0.0514235198497772
0.6026620864868164
0
0.0
0
0.0
17
4
3
1
-1.0
18
4
1
1
3.0
0
0
0
0
0.0
0
0.0126525200903416
0.0528747402131557
-0.682412326335907
0
0.0
0
0.0
9
0
4
1
-1.0
10
0
2
1
2.0
0
0
0
0
0.0
0
0.0001267118932446465
-0.3352496922016144
0.08120060712099079
0
0.0
0
0.0
10
1
6
3
-1.0
12
1
2
3
3.0
0
0
0
0
0.0
0
0.1868032962083817
-0.0543627701699734
0.5235478281974792
0
0.0
0
0.0
6
1
6
3
-1.0
8
1
2
3
3.0
0
0
0
0
0.0
0
0.1757044047117233
-0.0570032894611359
0.6137328147888184
0
0.0
0
0.0
1
1
21
3
-1.0
8
2
7
1
9.0
0
0
0
0
0.0
0
1.03843104839325
0.0551427192986012
-0.6189894080162048
0
0.0
0
0.0
9
0
3
2
-1.0
9
0
3
1
2.0
0
0
0
0
0.0
1
-0.003680529072880745
-0.34223210811615
0.0896903723478317
0
0.0
0
0.0
17
4
3
1
-1.0
18
4
1
1
3.0
0
0
0
0
0.0
0
-0.015596579760313
-0.6740226745605469
0.023316940292716
0
0.0
0
0.0
4
3
5
2
-1.0
4
4
5
1
2.0
0
0
0
0
0.0
0
0.007306525018066168
-0.3375357985496521
0.0814909264445305
0
0.0
0
0.0
-1.598016023635864
3
1
10
2
-1.0
8
1
5
2
2.0
0
0
0
0
0.0
0
0.1805859059095383
-0.5300660729408264
0.3023838102817535
0
0.0
0
0.0
16
2
3
3
-1.0
17
2
1
3
3.0
0
0
0
0
0.0
0
-0.0141021898016334
0.3699227869510651
-0.3241744935512543
0
0.0
0
0.0
3
2
3
3
-1.0
4
2
1
3
3.0
0
0
0
0
0.0
0
-0.0108758499845862
0.2569321095943451
-0.324248194694519
0
0.0
0
0.0
11
1
2
3
-1.0
11
1
1
3
2.0
0
0
0
0
0.0
0
0.0194290298968554
-0.2157842963933945
0.2595477998256683
0
0.0
0
0.0
8
2
1
2
-1.0
8
2
1
1
2.0
0
0
0
0
0.0
1
-0.0003350453916937113
0.1525973975658417
-0.4900175929069519
0
0.0
0
0.0
1
2
20
1
-1.0
6
2
10
1
2.0
0
0
0
0
0.0
0
0.148674800992012
-0.2519808113574982
0.2343989014625549
0
0.0
0
0.0
7
1
4
4
-1.0
8
1
2
4
2.0
0
0
0
0
0.0
0
-0.0196727998554707
0.2408549040555954
-0.2088024020195007
0
0.0
0
0.0
13
0
2
1
-1.0
13
0
1
1
2.0
0
0
0
0
0.0
0
0.0002941293932963163
-0.2093092948198319
0.0832172483205795
0
0.0
0
0.0
0
1
5
3
-1.0
0
2
5
1
3.0
0
0
0
0
0.0
0
-0.0493621714413166
0.1794568002223969
-0.2633988857269287
0
0.0
0
0.0
13
0
2
1
-1.0
13
0
1
1
2.0
0
0
0
0
0.0
0
0.0261217802762985
0.0257237199693918
-0.7157145142555237
0
0.0
0
0.0
7
0
2
1
-1.0
8
0
1
1
2.0
0
0
0
0
0.0
0
0.0002535938983783126
-0.3620828092098236
0.1422941982746124
0
0.0
0
0.0
2
1
20
4
-1.0
12
1
10
2
2.0
2
3
10
2
2.0
0
0.0235242508351803
0.1308255940675736
-0.3133119940757752
0
0.0
0
0.0
0
3
2
2
-1.0
0
3
1
1
2.0
1
4
1
1
2.0
0
0.0002896419900935143
-0.2955313920974731
0.1612772941589356
0
0.0
0
0.0
21
3
1
2
-1.0
21
4
1
1
2.0
0
0
0
0
0.0
0
-0.005677197128534317
-0.5337281823158264
0.037908848375082
0
0.0
0
0.0
0
3
1
2
-1.0
0
4
1
1
2.0
0
0
0
0
0.0
0
0.000273931713309139
-0.3874318897724152
0.1068056002259255
0
0.0
0
0.0
15
0
5
3
-1.0
15
1
5
1
3.0
0
0
0
0
0.0
0
-0.0495587587356567
0.2524808943271637
-0.1970293968915939
0
0.0
0
0.0
0
0
1
4
-1.0
0
2
1
2
2.0
0
0
0
0
0.0
0
-0.0312841311097145
-0.5490162968635559
0.0832718536257744
0
0.0
0
0.0
21
1
1
4
-1.0
21
3
1
2
2.0
0
0
0
0
0.0
0
0.0513014905154705
0.0564396493136883
-0.3952826857566834
0
0.0
0
0.0
5
3
10
2
-1.0
5
3
5
1
2.0
10
4
5
1
2.0
0
-0.0658741071820259
-0.6600760817527771
0.0510393418371677
0
0.0
0
0.0
15
0
1
2
-1.0
15
0
1
1
2.0
0
0
0
0
0.0
1
-0.0428369902074337
-0.4695188999176025
0.0248056892305613
0
0.0
0
0.0
5
0
4
2
-1.0
6
0
2
2
2.0
0
0
0
0
0.0
0
-0.0398169495165348
-0.53903067111969
0.06256558746099471
0
0.0
0
0.0
1
0
21
3
-1.0
8
1
7
1
9.0
0
0
0
0
0.0
0
0.9633435010910034
0.070093147456646
-0.5051229000091553
0
0.0
0
0.0
1
3
6
2
-1.0
3
3
2
2
3.0
0
0
0
0
0.0
0
-0.0903004035353661
-0.6060277223587036
0.0478441901504993
0
0.0
0
0.0
6
2
16
1
-1.0
10
2
8
1
2.0
0
0
0
0
0.0
0
0.1164717003703117
0.0378020592033863
-0.4255815148353577
0
0.0
0
0.0
0
2
16
1
-1.0
4
2
8
1
2.0
0
0
0
0
0.0
0
0.1410460025072098
0.05330777913332
-0.6477444171905518
0
0.0
0
0.0
2
1
18
3
-1.0
8
2
6
1
9.0
0
0
0
0
0.0
0
-0.2245392948389053
-0.7423505783081055
0.0394205302000046
0
0.0
0
0.0
2
4
3
1
-1.0
3
4
1
1
3.0
0
0
0
0
0.0
0
0.0122074596583843
0.041159488260746
-0.6247044801712036
0
0.0
0
0.0
6
0
10
4
-1.0
11
0
5
2
2.0
6
2
5
2
2.0
0
-0.1298917979002
-0.5020244121551514
0.0506085492670536
0
0.0
0
0.0
5
0
12
4
-1.0
5
0
6
2
2.0
11
2
6
2
2.0
0
-0.1336773037910461
-0.5980725884437561
0.0515021793544292
0
0.0
0
0.0
14
0
3
1
-1.0
15
0
1
1
3.0
0
0
0
0
0.0
0
-0.0002712093119043857
0.0942272767424583
-0.1869352012872696
0
0.0
0
0.0
9
1
4
4
-1.0
11
1
2
4
2.0
0
0
0
0
0.0
0
-0.1016910001635552
0.3284361064434052
-0.08793240785598749
0
0.0
0
0.0
9
0
4
5
-1.0
9
0
2
5
2.0
0
0
0
0
0.0
0
-0.1026913970708847
0.3691394925117493
-0.0939211919903755
0
0.0
0
0.0
0
2
3
1
-1.0
1
2
1
1
3.0
0
0
0
0
0.0
0
-0.0103968000039458
0.2735032141208649
-0.1099518015980721
0
0.0
0
0.0
14
0
3
1
-1.0
15
0
1
1
3.0
0
0
0
0
0.0
0
-0.0216865707188845
-0.5431079864501953
0.0354094617068768
0
0.0
0
0.0
1
2
3
1
-1.0
2
2
1
1
3.0
0
0
0
0
0.0
0
-0.0109911598265171
0.331334114074707
-0.0947989076375961
0
0.0
0
0.0
16
0
4
3
-1.0
16
1
4
1
3.0
0
0
0
0
0.0
0
0.0330941900610924
-0.0676039010286331
0.3759680092334747
0
0.0
0
0.0
5
0
3
1
-1.0
6
0
1
1
3.0
0
0
0
0
0.0
0
0.0112865697592497
0.05978275090456
-0.511324405670166
0
0.0
0
0.0
15
0
1
2
-1.0
15
0
1
1
2.0
0
0
0
0
0.0
1
-0.0276136603206396
-0.1408299952745438
0.0276922807097435
0
0.0
0
0.0
7
0
2
1
-1.0
7
0
1
1
2.0
0
0
0
0
0.0
1
-0.024939039722085
-0.39404359459877
0.07467638701200489
0
0.0
0
0.0
8
3
6
2
-1.0
11
3
3
1
2.0
8
4
3
1
2.0
0
-0.0205240696668625
-0.3604283034801483
0.0740412473678589
0
0.0
0
0.0
6
1
2
2
-1.0
6
1
1
1
2.0
7
2
1
1
2.0
0
-0.007400745991617441
0.28367879986763
-0.1014788970351219
0
0.0
0
0.0
4
2
18
3
-1.0
10
3
6
1
9.0
0
0
0
0
0.0
0
0.6708089709281921
0.0458825901150703
-0.3361695110797882
0
0.0
0
0.0
8
2
1
2
-1.0
8
2
1
1
2.0
0
0
0
0
0.0
1
-0.0396798886358738
-0.5256633162498474
0.0545992814004421
0
0.0
0
0.0
16
0
4
3
-1.0
16
1
4
1
3.0
0
0
0
0
0.0
0
-0.0873271971940994
0.1675004065036774
-0.0436225607991219
0
0.0
0
0.0
2
0
4
3
-1.0
2
1
4
1
3.0
0
0
0
0
0.0
0
0.0646117925643921
-0.07365918159484861
0.3831464052200317
0
0.0
0
0.0
10
0
12
5
-1.0
13
0
6
5
2.0
0
0
0
0
0.0
0
-0.2210538983345032
0.1044782996177673
-0.171166405081749
0
0.0
0
0.0
3
1
5
4
-1.0
3
3
5
2
2.0
0
0
0
0
0.0
0
0.0539337508380413
-0.29619699716568
0.0962876006960869
0
0.0
0
0.0
4
2
18
2
-1.0
13
2
9
1
2.0
4
3
9
1
2.0
0
-0.0275479797273874
0.1263362020254135
-0.1437083035707474
0
0.0
0
0.0
1
4
10
1
-1.0
6
4
5
1
2.0
0
0
0
0
0.0
0
-0.07962726056575779
-0.6720743179321289
0.042808510363102
0
0.0
0
0.0
-1.571046948432922
2
1
18
2
-1.0
8
1
6
2
3.0
0
0
0
0
0.0
0
0.3998445868492127
-0.4929730892181397
0.2782056927680969
0
0.0
0
0.0
16
2
3
2
-1.0
17
2
1
2
3.0
0
0
0
0
0.0
0
-0.0119401095435023
0.2959083914756775
-0.2993519008159638
0
0.0
0
0.0
8
0
2
1
-1.0
9
0
1
1
2.0
0
0
0
0
0.0
0
0.0008041277760639787
-0.5137457251548767
0.1482059955596924
0
0.0
0
0.0
16
1
3
3
-1.0
17
2
1
1
9.0
0
0
0
0
0.0
0
-0.0688273012638092
0.3283458054065704
-0.2109878957271576
0
0.0
0
0.0
0
2
2
1
-1.0
1
2
1
1
2.0
0
0
0
0
0.0
0
-0.002667001914232969
0.1691143065690994
-0.3861491084098816
0
0.0
0
0.0
8
4
6
1
-1.0
10
4
2
1
3.0
0
0
0
0
0.0
0
0.0176661405712366
-0.2767274081707
0.2180189043283463
0
0.0
0
0.0
4
2
1
2
-1.0
4
3
1
1
2.0
0
0
0
0
0.0
0
0.007483180146664381
-0.3848891854286194
0.1618614047765732
0
0.0
0
0.0
11
0
3
1
-1.0
12
0
1
1
3.0
0
0
0
0
0.0
0
-0.0162510108202696
-0.4621725976467133
0.0491471998393536
0
0.0
0
0.0
9
0
4
1
-1.0
10
0
2
1
2.0
0
0
0
0
0.0
0
0.0003993317077402025
-0.453361302614212
0.1046027988195419
0
0.0
0
0.0
16
2
3
3
-1.0
17
2
1
3
3.0
0
0
0
0
0.0
0
-0.0152971800416708
-0.1411347985267639
0.1143492013216019
0
0.0
0
0.0
3
2
3
3
-1.0
4
2
1
3
3.0
0
0
0
0
0.0
0
-0.00630688201636076
0.162642702460289
-0.3108170926570892
0
0.0
0
0.0
16
0
3
1
-1.0
17
0
1
1
3.0
0
0
0
0
0.0
0
-0.0127446297556162
-0.6617395281791687
0.0678442120552063
0
0.0
0
0.0
2
0
16
4
-1.0
2
0
8
2
2.0
10
2
8
2
2.0
0
-0.105594202876091
-0.5133383274078369
0.0710626021027565
0
0.0
0
0.0
16
0
3
1
-1.0
17
0
1
1
3.0
0
0
0
0
0.0
0
0.0219584405422211
0.0136620104312897
-0.5351728200912476
0
0.0
0
0.0
0
3
4
2
-1.0
0
4
4
1
2.0
0
0
0
0
0.0
0
0.0160341896116734
-0.3528763949871063
0.1049050986766815
0
0.0
0
0.0
13
2
3
1
-1.0
14
2
1
1
3.0
0
0
0
0
0.0
0
-0.00655773188918829
0.2148994952440262
-0.1989417970180512
0
0.0
0
0.0
3
0
3
1
-1.0
4
0
1
1
3.0
0
0
0
0
0.0
0
-0.01192347984761
-0.5207656025886536
0.0676394701004028
0
0.0
0
0.0
0
3
22
2
-1.0
11
3
11
1
2.0
0
4
11
1
2.0
0
0.0866749063134193
0.0580227002501488
-0.5696936249732971
0
0.0
0
0.0
3
0
2
1
-1.0
4
0
1
1
2.0
0
0
0
0
0.0
0
-0.0002358323981752619
0.1667681038379669
-0.2129307985305786
0
0.0
0
0.0
11
0
2
2
-1.0
12
0
1
1
2.0
11
1
1
1
2.0
0
0.0002265606017317623
-0.1072390004992485
0.0803407803177834
0
0.0
0
0.0
7
0
8
2
-1.0
7
0
4
1
2.0
11
1
4
1
2.0
0
-0.0386192686855793
-0.4828197956085205
0.06431760638952259
0
0.0
0
0.0
14
1
2
2
-1.0
15
1
1
1
2.0
14
2
1
1
2.0
0
-0.003634347114712
0.1646926999092102
-0.1258600950241089
0
0.0
0
0.0
6
1
8
4
-1.0
8
1
4
4
2.0
0
0
0
0
0.0
0
-0.1356738954782486
0.6871178150177002
-0.0454019382596016
0
0.0
0
0.0
21
1
1
4
-1.0
21
3
1
2
2.0
0
0
0
0
0.0
0
-0.005928418133407831
-0.4460243880748749
0.077744297683239
0
0.0
0
0.0
5
0
3
2
-1.0
6
0
1
2
3.0
0
0
0
0
0.0
0
-0.0387219600379467
-0.7954596281051636
0.027273029088974
0
0.0
0
0.0
14
1
2
2
-1.0
15
1
1
1
2.0
14
2
1
1
2.0
0
0.0002711199049372226
-0.0614648200571537
0.0866360515356064
0
0.0
0
0.0
6
1
2
2
-1.0
6
1
1
1
2.0
7
2
1
1
2.0
0
-0.00893915630877018
0.3204261958599091
-0.0944261327385902
0
0.0
0
0.0
9
1
9
4
-1.0
12
1
3
4
3.0
0
0
0
0
0.0
0
0.4060023128986359
-0.0145072499290109
0.4007146060466766
0
0.0
0
0.0
4
1
9
4
-1.0
7
1
3
4
3.0
0
0
0
0
0.0
0
0.3527463972568512
-0.0487828403711319
0.5863348841667175
0
0.0
0
0.0
11
3
2
2
-1.0
12
3
1
1
2.0
11
4
1
1
2.0
0
-0.0002653792907949537
0.161408394575119
-0.2104136943817139
0
0.0
0
0.0
2
4
3
1
-1.0
3
4
1
1
3.0
0
0
0
0
0.0
0
-0.0123199503868818
-0.5973966121673584
0.0406296215951443
0
0.0
0
0.0
16
4
3
1
-1.0
17
4
1
1
3.0
0
0
0
0
0.0
0
-0.0138495601713657
-0.6877948045730591
0.0282975994050503
0
0.0
0
0.0
5
0
4
1
-1.0
6
0
2
1
2.0
0
0
0
0
0.0
0
-0.0003035475092474371
0.1138406991958618
-0.2150139063596726
0
0.0
0
0.0
14
0
1
2
-1.0
14
0
1
1
2.0
0
0
0
0
0.0
1
-0.0391069613397121
-0.2260058969259262
0.0395268090069294
0
0.0
0
0.0
8
0
2
1
-1.0
8
0
1
1
2.0
0
0
0
0
0.0
1
-0.0280955005437136
-0.3595007956027985
0.0747360736131668
0
0.0
0
0.0
3
1
18
3
-1.0
9
2
6
1
9.0
0
0
0
0
0.0
0
-0.2125611007213593
-0.7109876275062561
0.0418695993721485
0
0.0
0
0.0
1
2
2
2
-1.0
1
2
1
1
2.0
2
3
1
1
2.0
0
-0.007902833633124828
0.3095433115959168
-0.0864241868257523
0
0.0
0
0.0
16
4
3
1
-1.0
17
4
1
1
3.0
0
0
0
0
0.0
0
0.0117957098409534
0.0251334607601166
-0.6675676107406616
0
0.0
0
0.0
3
4
3
1
-1.0
4
4
1
1
3.0
0
0
0
0
0.0
0
-0.0106725404039025
-0.5725420713424683
0.0384541191160679
0
0.0
0
0.0
6
2
16
2
-1.0
10
2
8
2
2.0
0
0
0
0
0.0
0
0.1926015019416809
0.0452950112521648
-0.3598395884037018
0
0.0
0
0.0
0
2
16
2
-1.0
4
2
8
2
2.0
0
0
0
0
0.0
0
0.2745896875858307
0.0376021713018417
-0.6710445284843445
0
0.0
0
0.0
21
0
1
3
-1.0
21
1
1
1
3.0
0
0
0
0
0.0
0
-0.0293159298598766
-0.5799052119255066
0.0341134108603
0
0.0
0
0.0
0
1
18
4
-1.0
0
1
9
2
2.0
9
3
9
2
2.0
0
-0.3456305861473084
-0.773219883441925
0.026545749977231
0
0.0
0
0.0
13
3
5
2
-1.0
13
4
5
1
2.0
0
0
0
0
0.0
0
0.1082191988825798
0.0265380498021841
-0.512722373008728
0
0.0
0
0.0
4
3
5
2
-1.0
4
4
5
1
2.0
0
0
0
0
0.0
0
0.0152253303676844
-0.2846137881278992
0.0950192511081696
0
0.0
0
0.0
11
4
4
1
-1.0
12
4
2
1
2.0
0
0
0
0
0.0
0
-0.0131285795941949
0.2416771054267883
-0.0982130095362663
0
0.0
0
0.0
10
0
2
5
-1.0
11
0
1
5
2.0
0
0
0
0
0.0
0
0.0394823290407658
-0.0841267332434654
0.3172164857387543
0
0.0
0
0.0
1
2
20
1
-1.0
6
2
10
1
2.0
0
0
0
0
0.0
0
0.2043827027082443
-0.0909638777375221
0.2731429934501648
0
0.0
0
0.0
6
2
3
1
-1.0
7
2
1
1
3.0
0
0
0
0
0.0
0
-0.0002187109930673614
0.1299407929182053
-0.1945798993110657
0
0.0
0
0.0
16
0
3
3
-1.0
16
1
3
1
3.0
0
0
0
0
0.0
0
-0.09353227168321609
0.4645681083202362
-0.06976205855607991
0
0.0
0
0.0
9
1
3
3
-1.0
10
1
1
3
3.0
0
0
0
0
0.0
0
0.0235948096960783
-0.1631298065185547
0.1587969064712524
0
0.0
0
0.0
15
0
1
2
-1.0
15
0
1
1
2.0
0
0
0
0
0.0
1
0.0235722996294498
0.0342308282852173
-0.3910694122314453
0
0.0
0
0.0
9
1
2
4
-1.0
10
1
1
4
2.0
0
0
0
0
0.0
0
-0.0282188504934311
0.4979830086231232
-0.0541069991886616
0
0.0
0
0.0
21
2
1
2
-1.0
21
2
1
1
2.0
0
0
0
0
0.0
1
-0.0465847887098789
-0.4277912080287933
0.0418262295424938
0
0.0
0
0.0
1
2
2
1
-1.0
1
2
1
1
2.0
0
0
0
0
0.0
1
0.0116468202322721
0.06803710013628
-0.3571461141109467
0
0.0
0
0.0
0
3
22
2
-1.0
0
3
11
2
2.0
0
0
0
0
0.0
0
-0.1952639073133469
0.2197133004665375
-0.1093451976776123
0
0.0
0
0.0
-1.577214956283569
3
1
3
3
-1.0
4
2
1
1
9.0
0
0
0
0
0.0
0
-0.0609632283449173
0.2623322904109955
-0.3996464014053345
0
0.0
0
0.0
11
0
2
2
-1.0
12
0
1
1
2.0
11
1
1
1
2.0
0
0.0003185815003234893
-0.1874409019947052
0.128876194357872
0
0.0
0
0.0
10
0
1
4
-1.0
9
1
1
2
2.0
0
0
0
0
0.0
1
-0.0173382796347141
0.1584820002317429
-0.4108001887798309
0
0.0
0
0.0
4
1
16
2
-1.0
8
1
8
2
2.0
0
0
0
0
0.0
0
0.195544496178627
-0.412553995847702
0.1684329062700272
0
0.0
0
0.0
7
0
2
3
-1.0
7
0
1
3
2.0
0
0
0
0
0.0
1
-0.0168483406305313
0.1563276052474976
-0.4225837886333466
0
0.0
0
0.0
4
1
14
4
-1.0
11
1
7
2
2.0
4
3
7
2
2.0
0
0.06776530295610431
0.0884570702910423
-0.4574627876281738
0
0.0
0
0.0
3
0
1
3
-1.0
3
1
1
1
3.0
0
0
0
0
0.0
0
-0.0215934794396162
0.4310556054115295
-0.111886203289032
0
0.0
0
0.0
11
0
2
4
-1.0
11
0
1
4
2.0
0
0
0
0
0.0
0
0.0223255306482315
-0.1710696965456009
0.1190048009157181
0
0.0
0
0.0
8
0
3
3
-1.0
9
1
1
1
9.0
0
0
0
0
0.0
0
0.0412174686789513
0.11528480052948
-0.4270128011703491
0
0.0
0
0.0
20
1
1
2
-1.0
20
2
1
1
2.0
0
0
0
0
0.0
0
-0.0002013780031120405
0.1759393960237503
-0.2061759978532791
0
0.0
0
0.0
1
3
1
2
-1.0
1
4
1
1
2.0
0
0
0
0
0.0
0
0.0002020485990215093
-0.5659689903259277
0.0891458168625832
0
0.0
0
0.0
0
3
22
2
-1.0
0
3
11
2
2.0
0
0
0
0
0.0
0
-0.3092140853405
0.3455514013767242
-0.1085027009248734
0
0.0
0
0.0
0
2
2
1
-1.0
1
2
1
1
2.0
0
0
0
0
0.0
0
-0.006144823040813208
0.1859671026468277
-0.2005020976066589
0
0.0
0
0.0
16
0
6
5
-1.0
18
0
2
5
3.0
0
0
0
0
0.0
0
-0.1202132999897003
-0.3477135896682739
0.0546781308948994
0
0.0
0
0.0
0
0
6
5
-1.0
2
0
2
5
3.0
0
0
0
0
0.0
0
-0.1437608003616333
-0.5411831736564636
0.0612141601741314
0
0.0
0
0.0
4
2
18
1
-1.0
4
2
9
1
2.0
0
0
0
0
0.0
0
-0.1203705966472626
-0.614755392074585
0.016389599069953
0
0.0
0
0.0
6
2
10
2
-1.0
6
2
5
1
2.0
11
3
5
1
2.0
0
0.0426739193499088
0.0615998990833759
-0.4898751974105835
0
0.0
0
0.0
4
2
18
1
-1.0
4
2
9
1
2.0
0
0
0
0
0.0
0
0.2010595053434372
0.0191350802779198
-0.4410769045352936
0
0.0
0
0.0
0
2
18
1
-1.0
9
2
9
1
2.0
0
0
0
0
0.0
0
0.2088223993778229
0.0613639801740646
-0.5665506720542908
0
0.0
0
0.0
21
1
1
4
-1.0
21
3
1
2
2.0
0
0
0
0
0.0
0
0.0003431763907428831
-0.3790386915206909
0.0807705521583557
0
0.0
0
0.0
1
4
4
1
-1.0
2
4
2
1
2.0
0
0
0
0
0.0
0
0.0118992803618312
0.0513736605644226
-0.5124402046203613
0
0.0
0
0.0
16
0
3
1
-1.0
17
0
1
1
3.0
0
0
0
0
0.0
0
-0.0152740897610784
-0.6556478142738342
0.0311766099184752
0
0.0
0
0.0
1
0
4
3
-1.0
1
1
4
1
3.0
0
0
0
0
0.0
0
0.0204509403556585
-0.1100831031799316
0.244266003370285
0
0.0
0
0.0
18
1
1
4
-1.0
18
3
1
2
2.0
0
0
0
0
0.0
0
0.0109159899875522
-0.3011330962181091
0.08465035259723661
0
0.0
0
0.0
10
1
2
2
-1.0
10
1
2
1
2.0
0
0
0
0
0.0
1
0.006597944069653749
-0.2353952974081039
0.1110377013683319
0
0.0
0
0.0
18
1
1
4
-1.0
18
3
1
2
2.0
0
0
0
0
0.0
0
0.0744031295180321
0.0265834294259548
-0.5290083289146423
0
0.0
0
0.0
3
1
1
4
-1.0
3
3
1
2
2.0
0
0
0
0
0.0
0
0.009680814109742641
-0.3191435039043427
0.0917709171772003
0
0.0
0
0.0
14
2
2
2
-1.0
15
2
1
1
2.0
14
3
1
1
2.0
0
0.0002962122089229524
-0.2449285984039307
0.261938214302063
0
0.0
0
0.0
1
0
18
3
-1.0
7
1
6
1
9.0
0
0
0
0
0.0
0
0.9801648855209351
0.0435502082109451
-0.5076766014099121
0
0.0
0
0.0
16
0
3
1
-1.0
17
0
1
1
3.0
0
0
0
0
0.0
0
-0.0316224806010723
-0.8424624800682068
0.003811561968177557
0
0.0
0
0.0
8
3
4
2
-1.0
8
3
2
1
2.0
10
4
2
1
2.0
0
-0.0235346294939518
-0.4160682857036591
0.0560476593673229
0
0.0
0
0.0
11
3
2
2
-1.0
12
3
1
1
2.0
11
4
1
1
2.0
0
-0.0002726526872720569
0.0732600167393684
-0.1243783980607987
0
0.0
0
0.0
8
3
6
2
-1.0
8
3
3
1
2.0
11
4
3
1
2.0
0
0.032802440226078
0.0469187088310719
-0.54838627576828
0
0.0
0
0.0
16
0
3
1
-1.0
17
0
1
1
3.0
0
0
0
0
0.0
0
0.0002903791901189834
-0.076424241065979
0.0752542465925217
0
0.0
0
0.0
3
0
3
1
-1.0
4
0
1
1
3.0
0
0
0
0
0.0
0
-0.0200249794870615
-0.6453238129615784
0.0336129702627659
0
0.0
0
0.0
15
3
2
2
-1.0
16
3
1
1
2.0
15
4
1
1
2.0
0
-0.0002775274042505771
0.0875405818223953
-0.09977090358734129
0
0.0
0
0.0
5
3
2
2
-1.0
5
3
1
1
2.0
6
4
1
1
2.0
0
0.0007771482923999429
-0.1190643012523651
0.2081373035907745
0
0.0
0
0.0
15
2
2
1
-1.0
15
2
1
1
2.0
0
0
0
0
0.0
1
-0.00033943509333767
0.1071538031101227
-0.3665041029453278
0
0.0
0
0.0
7
2
1
2
-1.0
7
2
1
1
2.0
0
0
0
0
0.0
1
-0.0310331098735332
-0.3991681039333344
0.0811882168054581
0
0.0
0
0.0
9
2
4
3
-1.0
10
2
2
3
2.0
0
0
0
0
0.0
0
-0.0172892604023218
0.3801375031471252
-0.0609772987663746
0
0.0
0
0.0
0
0
1
3
-1.0
0
1
1
1
3.0
0
0
0
0
0.0
0
-0.0150116495788097
-0.3346816897392273
0.06893309950828549
0
0.0
0
0.0
12
4
10
1
-1.0
12
4
5
1
2.0
0
0
0
0
0.0
0
0.064567357301712
0.0653947070240974
-0.4798898100852966
0
0.0
0
0.0
9
0
2
3
-1.0
10
0
1
3
2.0
0
0
0
0
0.0
0
0.0126242898404598
-0.2073639035224915
0.1033783033490181
0
0.0
0
0.0
14
0
1
2
-1.0
14
0
1
1
2.0
0
0
0
0
0.0
1
0.0234020091593266
0.0194229409098625
-0.2960999011993408
0
0.0
0
0.0
8
0
6
1
-1.0
10
0
2
1
3.0
0
0
0
0
0.0
0
0.1085553020238876
0.0355370081961155
-0.5521429181098938
0
0.0
0
0.0
21
1
1
4
-1.0
21
3
1
2
2.0
0
0
0
0
0.0
0
0.0453203618526459
0.0515648387372494
-0.2503679990768433
0
0.0
0
0.0
0
1
1
4
-1.0
0
3
1
2
2.0
0
0
0
0
0.0
0
-0.005776592064648867
-0.363006204366684
0.0604004003107548
0
0.0
0
0.0
4
1
16
2
-1.0
4
1
8
2
2.0
0
0
0
0
0.0
0
0.0428345203399658
-0.1081646010279656
0.0599687993526459
0
0.0
0
0.0
0
0
2
2
-1.0
0
0
1
1
2.0
1
1
1
1
2.0
0
-0.006774319801479578
0.2150484025478363
-0.0934041067957878
0
0.0
0
0.0
16
4
3
1
-1.0
17
4
1
1
3.0
0
0
0
0
0.0
0
0.0119932498782873
0.0175589006394148
-0.7442647814750671
0
0.0
0
0.0
3
4
3
1
-1.0
4
4
1
1
3.0
0
0
0
0
0.0
0
-0.007555563002824783
-0.3836041986942291
0.0480565391480923
0
0.0
0
0.0
14
0
5
3
-1.0
14
1
5
1
3.0
0
0
0
0
0.0
0
0.0516617707908154
-0.0405357703566551
0.2797332108020783
0
0.0
0
0.0
1
1
4
3
-1.0
3
1
2
3
2.0
0
0
0
0
0.0
0
-0.00348909106105566
0.1106553003191948
-0.1824156045913696
0
0.0
0
0.0
9
1
4
4
-1.0
9
1
2
4
2.0
0
0
0
0
0.0
0
-0.1782176047563553
0.466761589050293
-0.045715868473053
0
0.0
0
0.0
1
3
16
2
-1.0
5
3
8
2
2.0
0
0
0
0
0.0
0
-0.0398824699223042
-0.3696945905685425
0.0662794336676598
0
0.0
0
0.0
19
2
2
2
-1.0
20
2
1
1
2.0
19
3
1
1
2.0
0
0.008684818632900715
-0.0908453017473221
0.2939020991325378
0
0.0
0
0.0
10
3
2
2
-1.0
10
3
1
1
2.0
11
4
1
1
2.0
0
-0.0098893903195858
-0.5941507816314697
0.0351584702730179
0
0.0
0
0.0
9
1
4
4
-1.0
9
1
2
4
2.0
0
0
0
0
0.0
0
0.1297979056835175
-0.0639680996537209
0.3166933059692383
0
0.0
0
0.0
10
0
2
1
-1.0
11
0
1
1
2.0
0
0
0
0
0.0
0
-0.0220919009298086
-0.7357493042945862
0.0347481891512871
0
0.0
0
0.0
10
3
6
2
-1.0
12
3
2
2
3.0
0
0
0
0
0.0
0
0.0636888667941093
-0.048844788223505
0.1882255971431732
0
0.0
0
0.0
2
3
2
2
-1.0
2
3
1
1
2.0
3
4
1
1
2.0
0
-0.0002846248098649085
0.1463415026664734
-0.1243413984775543
0
0.0
0
0.0
18
1
2
2
-1.0
19
1
1
1
2.0
18
2
1
1
2.0
0
0.008738916367292404
-0.0883570164442062
0.3651317059993744
0
0.0
0
0.0
2
4
3
1
-1.0
3
4
1
1
3.0
0
0
0
0
0.0
0
-0.008548358455300331
-0.373751312494278
0.0492428615689278
0
0.0
0
0.0
19
2
2
2
-1.0
20
2
1
1
2.0
19
3
1
1
2.0
0
-0.004832456819713116
0.305120199918747
-0.0871342271566391
0
0.0
0
0.0
6
0
3
1
-1.0
7
0
1
1
3.0
0
0
0
0
0.0
0
0.009076822549104691
0.0540050491690636
-0.3654535114765167
0
0.0
0
0.0
14
0
1
2
-1.0
14
0
1
1
2.0
0
0
0
0
0.0
1
-0.0414760112762451
-0.263980895280838
0.0364313200116158
0
0.0
0
0.0
8
0
2
1
-1.0
8
0
1
1
2.0
0
0
0
0
0.0
1
-0.0179269202053547
-0.205858901143074
0.0957352966070175
0
0.0
0
0.0
15
0
1
2
-1.0
15
0
1
1
2.0
0
0
0
0
0.0
1
0.01346698962152
0.0401146411895752
-0.2650730013847351
0
0.0
0
0.0
5
2
3
1
-1.0
6
2
1
1
3.0
0
0
0
0
0.0
0
-0.0105214901268482
0.339444100856781
-0.0627214834094048
0
0.0
0
0.0
15
1
2
2
-1.0
16
1
1
1
2.0
15
2
1
1
2.0
0
0.009045996703207493
-0.1115396991372109
0.365522712469101
0
0.0
0
0.0
-1.540673017501831
2
1
16
2
-1.0
6
1
8
2
2.0
0
0
0
0
0.0
0
0.2921968996524811
-0.3051744103431702
0.3110071122646332
0
0.0
0
0.0
10
0
6
2
-1.0
10
0
3
2
2.0
0
0
0
0
0.0
0
0.048884529620409
-0.4317635893821716
0.090919703245163
0
0.0
0
0.0
3
1
3
3
-1.0
4
2
1
1
9.0
0
0
0
0
0.0
0
-0.08610484749078751
0.235041007399559
-0.245887503027916
0
0.0
0
0.0
11
0
9
1
-1.0
14
0
3
1
3.0
0
0
0
0
0.0
0
-0.0378247499465942
0.1186527982354164
-0.1602728068828583
0
0.0
0
0.0
8
4
4
1
-1.0
10
4
2
1
2.0
0
0
0
0
0.0
0
0.005163811147212982
-0.308797299861908
0.1692786067724228
0
0.0
0
0.0
13
1
5
4
-1.0
13
3
5
2
2.0
0
0
0
0
0.0
0
0.1060808971524239
-0.3249335885047913
0.2009779959917069
0
0.0
0
0.0
2
0
9
1
-1.0
5
0
3
1
3.0
0
0
0
0
0.0
0
-0.0177585501223803
0.1128119006752968
-0.3532074093818665
0
0.0
0
0.0
13
0
5
4
-1.0
13
1
5
2
2.0
0
0
0
0
0.0
0
-0.0493416897952557
0.1454734057188034
-0.2653774917125702
0
0.0
0
0.0
6
2
10
2
-1.0
6
2
5
1
2.0
11
3
5
1
2.0
0
0.0259109698235989
0.1229083985090256
-0.412751704454422
0
0.0
0
0.0
19
3
3
2
-1.0
19
4
3
1
2.0
0
0
0
0
0.0
0
0.005690072197467089
-0.4184210896492004
0.098855160176754
0
0.0
0
0.0
2
0
5
3
-1.0
2
1
5
1
3.0
0
0
0
0
0.0
0
-0.1002437993884087
0.3868139982223511
-0.0955260768532753
0
0.0
0
0.0
20
1
1
2
-1.0
20
2
1
1
2.0
0
0
0
0
0.0
0
-0.000205924894544296
0.1086150035262108
-0.1146064028143883
0
0.0
0
0.0
1
1
1
2
-1.0
1
2
1
1
2.0
0
0
0
0
0.0
0
-0.0002443864068482071
0.1391827017068863
-0.2279980033636093
0
0.0
0
0.0
17
1
2
2
-1.0
18
1
1
1
2.0
17
2
1
1
2.0
0
-0.0002206296048825607
0.205659493803978
-0.2767710089683533
0
0.0
0
0.0
9
0
4
5
-1.0
11
0
2
5
2.0
0
0
0
0
0.0
0
-0.09597410261631011
0.3078581094741821
-0.1182383000850678
0
0.0
0
0.0
9
2
6
3
-1.0
9
2
3
3
2.0
0
0
0
0
0.0
0
-0.1543993055820465
0.4471242129802704
-0.0175462197512388
0
0.0
0
0.0
8
3
4
2
-1.0
10
3
2
2
2.0
0
0
0
0
0.0
0
0.0623852089047432
-0.1276288032531738
0.2665241956710815
0
0.0
0
0.0
21
0
1
4
-1.0
21
2
1
2
2.0
0
0
0
0
0.0
0
-0.0216632205992937
-0.5511227250099182
0.0785660073161125
0
0.0
0
0.0
1
2
20
1
-1.0
6
2
10
1
2.0
0
0
0
0
0.0
0
0.242117702960968
-0.0816057026386261
0.4142647981643677
0
0.0
0
0.0
20
0
2
1
-1.0
20
0
1
1
2.0
0
0
0
0
0.0
1
0.0434077084064484
0.02902770973742
-0.6575114727020264
0
0.0
0
0.0
3
1
2
2
-1.0
3
1
1
1
2.0
4
2
1
1
2.0
0
-0.0002583574096206576
0.1479489952325821
-0.181684598326683
0
0.0
0
0.0
17
0
4
2
-1.0
18
0
2
2
2.0
0
0
0
0
0.0
0
-0.0205316301435232
-0.303859293460846
0.0581487491726875
0
0.0
0
0.0
5
0
3
2
-1.0
6
0
1
2
3.0
0
0
0
0
0.0
0
-0.0351201295852661
-0.7728464007377625
0.0335446707904339
0
0.0
0
0.0
1
1
21
3
-1.0
8
2
7
1
9.0
0
0
0
0
0.0
0
0.9051967263221741
0.0589515194296837
-0.4095562100410461
0
0.0
0
0.0
6
0
3
2
-1.0
7
0
1
2
3.0
0
0
0
0
0.0
0
-0.0291394107043743
-0.4947493970394135
0.04902208968997
0
0.0
0
0.0
13
2
3
1
-1.0
14
2
1
1
3.0
0
0
0
0
0.0
0
-0.008920568972826004
0.170333594083786
-0.1276351064443588
0
0.0
0
0.0
10
2
2
2
-1.0
10
2
1
1
2.0
11
3
1
1
2.0
0
-0.006820674054324627
-0.4427204132080078
0.0647476464509964
0
0.0
0
0.0
19
3
3
2
-1.0
19
4
3
1
2.0
0
0
0
0
0.0
0
-0.0119166104122996
-0.420804888010025
0.0145897697657347
0
0.0
0
0.0
0
3
3
2
-1.0
0
4
3
1
2.0
0
0
0
0
0.0
0
0.0149108795449138
-0.2619223892688751
0.09873954206705091
0
0.0
0
0.0
13
2
3
1
-1.0
14
2
1
1
3.0
0
0
0
0
0.0
0
-0.0396954789757729
-0.5716304779052734
0.0150962797924876
0
0.0
0
0.0
6
2
3
1
-1.0
7
2
1
1
3.0
0
0
0
0
0.0
0
-0.0002180166047764942
0.1283320039510727
-0.2162196040153503
0
0.0
0
0.0
14
2
2
1
-1.0
14
2
1
1
2.0
0
0
0
0
0.0
1
-0.0458851009607315
-0.583078920841217
0.02308502048254
0
0.0
0
0.0
8
2
1
2
-1.0
8
2
1
1
2.0
0
0
0
0
0.0
1
-0.0376097708940506
-0.4769774973392487
0.0497832708060741
0
0.0
0
0.0
19
1
2
2
-1.0
20
1
1
1
2.0
19
2
1
1
2.0
0
-0.007907845079898834
0.2802506983280182
-0.0805409103631973
0
0.0
0
0.0
2
1
4
2
-1.0
2
2
4
1
2.0
0
0
0
0
0.0
0
0.0398138388991356
-0.0639362186193466
0.4094027876853943
0
0.0
0
0.0
19
1
2
2
-1.0
20
1
1
1
2.0
19
2
1
1
2.0
0
0.00446798512712121
-0.0683591663837433
0.1852204948663712
0
0.0
0
0.0
1
1
2
2
-1.0
1
1
1
1
2.0
2
2
1
1
2.0
0
-0.007434703875333071
0.2987340092658997
-0.0968659073114395
0
0.0
0
0.0
11
3
2
2
-1.0
12
3
1
1
2.0
11
4
1
1
2.0
0
-0.0002686285006348044
0.0885278210043907
-0.1421532034873962
0
0.0
0
0.0
4
0
3
1
-1.0
5
0
1
1
3.0
0
0
0
0
0.0
0
-0.0165531896054745
-0.4923925995826721
0.049005638808012
0
0.0
0
0.0
13
3
5
2
-1.0
13
4
5
1
2.0
0
0
0
0
0.0
0
0.092472568154335
0.0338660590350628
-0.4127385914325714
0
0.0
0
0.0
4
3
5
2
-1.0
4
4
5
1
2.0
0
0
0
0
0.0
0
0.0257745198905468
-0.2287130951881409
0.12359119951725
0
0.0
0
0.0
3
0
16
4
-1.0
11
0
8
2
2.0
3
2
8
2
2.0
0
-0.2750909924507141
-0.67499440908432
0.0343307591974735
0
0.0
0
0.0
0
0
2
4
-1.0
0
2
2
2
2.0
0
0
0
0
0.0
0
0.0719025880098343
0.0419560708105564
-0.4763529002666473
0
0.0
0
0.0
17
0
4
2
-1.0
18
0
2
2
2.0
0
0
0
0
0.0
0
0.0311908591538668
0.0272666793316603
-0.3000186085700989
0
0.0
0
0.0
1
0
4
2
-1.0
2
0
2
2
2.0
0
0
0
0
0.0
0
-0.017863180488348
-0.3733784854412079
0.0616636909544468
0
0.0
0
0.0
6
2
16
2
-1.0
10
2
8
2
2.0
0
0
0
0
0.0
0
0.1511456966400147
0.0517917387187481
-0.2188622951507568
0
0.0
0
0.0
0
2
16
2
-1.0
4
2
8
2
2.0
0
0
0
0
0.0
0
0.2179343998432159
0.061016459017992
-0.4177503883838654
0
0.0
0
0.0
15
4
3
1
-1.0
16
4
1
1
3.0
0
0
0
0
0.0
0
0.0112180197611451
0.0348128601908684
-0.5263618230819702
0
0.0
0
0.0
9
1
4
4
-1.0
11
1
2
4
2.0
0
0
0
0
0.0
0
-0.1888345927000046
0.5200440883636475
-0.0430313684046268
0
0.0
0
0.0
15
4
3
1
-1.0
16
4
1
1
3.0
0
0
0
0
0.0
0
-0.0141079900786281
-0.6106898188591003
0.0400286093354225
0
0.0
0
0.0
7
0
8
2
-1.0
7
0
4
1
2.0
11
1
4
1
2.0
0
-0.0180448405444622
-0.2631984055042267
0.0730124115943909
0
0.0
0
0.0
18
1
2
2
-1.0
19
1
1
1
2.0
18
2
1
1
2.0
0
0.006554489023983479
-0.0854290127754211
0.2241147011518478
0
0.0
0
0.0
3
0
3
1
-1.0
4
0
1
1
3.0
0
0
0
0
0.0
0
-0.0123116597533226
-0.4429729878902435
0.0466542616486549
0
0.0
0
0.0
18
1
2
2
-1.0
19
1
1
1
2.0
18
2
1
1
2.0
0
-0.007635874208062887
0.199606403708458
-0.0522281304001808
0
0.0
0
0.0
4
4
3
1
-1.0
5
4
1
1
3.0
0
0
0
0
0.0
0
-0.0192709192633629
-0.7685980796813965
0.0243509095162153
0
0.0
0
0.0
9
4
4
1
-1.0
10
4
2
1
2.0
0
0
0
0
0.0
0
0.009664188139140606
-0.1346967071294785
0.1324453949928284
0
0.0
0
0.0
2
1
2
2
-1.0
2
1
1
1
2.0
3
2
1
1
2.0
0
-0.0120201902464032
0.3553862869739533
-0.0525580197572708
0
0.0
0
0.0
11
3
2
2
-1.0
12
3
1
1
2.0
11
4
1
1
2.0
0
-0.0220797900110483
-0.6754226088523865
0.0124195404350758
0
0.0
0
0.0
9
3
2
2
-1.0
9
3
1
1
2.0
10
4
1
1
2.0
0
-0.000300788611639291
0.1227649971842766
-0.1749749928712845
0
0.0
0
0.0
11
1
4
4
-1.0
12
1
2
4
2.0
0
0
0
0
0.0
0
-0.0373087115585804
0.1854808926582336
-0.09797511249780649
0
0.0
0
0.0
9
0
3
3
-1.0
10
1
1
1
9.0
0
0
0
0
0.0
0
0.0459991209208965
0.1143648996949196
-0.2461473047733307
0
0.0
0
0.0
11
1
4
4
-1.0
12
1
2
4
2.0
0
0
0
0
0.0
0
0.08222451061010359
-0.0241080205887556
0.269003301858902
0
0.0
0
0.0
7
1
4
4
-1.0
8
1
2
4
2.0
0
0
0
0
0.0
0
0.08189871907234191
-0.0396540313959122
0.5047857761383057
0
0.0
0
0.0
1
1
20
2
-1.0
6
1
10
2
2.0
0
0
0
0
0.0
0
0.461437314748764
-0.0442391782999039
0.4122915863990784
0
0.0
0
0.0
9
0
2
2
-1.0
9
0
1
1
2.0
10
1
1
1
2.0
0
0.0002575525140855461
-0.1778572052717209
0.1205023005604744
0
0.0
0
0.0
9
0
6
2
-1.0
12
0
3
1
2.0
9
1
3
1
2.0
0
0.0156651996076107
-0.0485711507499218
0.0815467536449432
0
0.0
0
0.0
7
0
6
2
-1.0
7
0
3
1
2.0
10
1
3
1
2.0
0
0.0498800091445446
0.0421518981456757
-0.5303056836128235
0
0.0
0
0.0
20
2
2
2
-1.0
20
2
1
2
2.0
0
0
0
0
0.0
0
-0.002781007904559374
0.1198678985238075
-0.190604493021965
0
0.0
0
0.0
3
2
3
1
-1.0
4
2
1
1
3.0
0
0
0
0
0.0
0
-0.0176007691770792
0.1897035986185074
-0.08897910267114641
0
0.0
0
0.0
8
0
6
1
-1.0
10
0
2
1
3.0
0
0
0
0
0.0
0
0.005010373890399933
-0.3168081939220429
0.0617063082754612
0
0.0
0
0.0
3
2
1
2
-1.0
3
3
1
1
2.0
0
0
0
0
0.0
0
0.005583165213465691
-0.2072229981422424
0.08939406275749209
0
0.0
0
0.0
16
1
6
4
-1.0
19
1
3
2
2.0
16
3
3
2
2.0
0
0.0101343700662255
-0.07004018127918241
0.048694871366024
0
0.0
0
0.0
0
1
6
4
-1.0
0
1
3
2
2.0
3
3
3
2
2.0
0
0.1701169013977051
0.0258664395660162
-0.7274320125579834
0
0.0
0
0.0
20
3
2
1
-1.0
20
3
1
1
2.0
0
0
0
0
0.0
0
0.0128320399671793
-0.0323757715523243
0.2820742130279541
0
0.0
0
0.0
0
3
2
1
-1.0
1
3
1
1
2.0
0
0
0
0
0.0
0
-0.0002106354950228706
0.0980736389756203
-0.1779716014862061
0
0.0
0
0.0
21
1
1
4
-1.0
21
3
1
2
2.0
0
0
0
0
0.0
0
-0.0157455801963806
-0.398182600736618
0.0212849508970976
0
0.0
0
0.0
0
1
1
4
-1.0
0
3
1
2
2.0
0
0
0
0
0.0
0
0.0530990995466709
0.0473971702158451
-0.3579272925853729
0
0.0
0
0.0
-1.513208985328674
1
1
1
3
-1.0
1
2
1
1
3.0
0
0
0
0
0.0
0
-0.0126078296452761
0.3289293050765991
-0.2871732115745544
0
0.0
0
0.0
9
1
4
4
-1.0
10
1
2
4
2.0
0
0
0
0
0.0
0
0.069764256477356
-0.2145617008209229
0.2685098946094513
0
0.0
0
0.0
3
1
3
3
-1.0
4
2
1
1
9.0
0
0
0
0
0.0
0
-0.0417437888681889
0.1513637006282806
-0.3876473903656006
0
0.0
0
0.0
9
0
8
2
-1.0
9
0
4
2
2.0
0
0
0
0
0.0
0
0.1030343025922775
-0.284816712141037
0.129865899682045
0
0.0
0
0.0
3
0
16
1
-1.0
11
0
8
1
2.0
0
0
0
0
0.0
0
-0.09664077311754229
-0.5245664715766907
0.1095390990376473
0
0.0
0
0.0
14
2
2
1
-1.0
14
2
1
1
2.0
0
0
0
0
0.0
1
0.008095847442746162
0.0513810887932777
-0.2667458057403565
0
0.0
0
0.0
6
1
2
2
-1.0
6
1
1
1
2.0
7
2
1
1
2.0
0
-0.0002244712959509343
0.2091910988092423
-0.2435808926820755
0
0.0
0
0.0
13
1
5
4
-1.0
13
3
5
2
2.0
0
0
0
0
0.0
0
0.1241464987397194
-0.3006137907505035
0.1572912931442261
0
0.0
0
0.0
2
0
4
3
-1.0
2
1
4
1
3.0
0
0
0
0
0.0
0
0.0473679304122925
-0.084176316857338
0.4142656028270721
0
0.0
0
0.0
18
0
4
2
-1.0
20
0
2
1
2.0
18
1
2
1
2.0
0
-0.0196097102016211
0.3417541086673737
-0.1607497930526733
0
0.0
0
0.0
6
2
10
2
-1.0
6
2
5
1
2.0
11
3
5
1
2.0
0
0.0348290093243122
0.0755929425358772
-0.45084610581398
0
0.0
0
0.0
8
2
8
3
-1.0
8
2
4
3
2.0
0
0
0
0
0.0
0
0.3101227879524231
-0.0391340292990208
0.1443621963262558
0
0.0
0
0.0
6
2
8
3
-1.0
10
2
4
3
2.0
0
0
0
0
0.0
0
0.29249370098114
-0.0642258077859879
0.4353322982788086
0
0.0
0
0.0
18
0
1
3
-1.0
18
1
1
1
3.0
0
0
0
0
0.0
0
-0.0231145899742842
0.3070923089981079
-0.0890118405222893
0
0.0
0
0.0
9
0
3
1
-1.0
10
0
1
1
3.0
0
0
0
0
0.0
0
0.000275784608675167
-0.3070184886455536
0.0938344672322273
0
0.0
0
0.0
21
0
1
4
-1.0
21
2
1
2
2.0
0
0
0
0
0.0
0
0.0455872192978859
0.0382352918386459
-0.3347797989845276
0
0.0
0
0.0
0
0
1
4
-1.0
0
2
1
2
2.0
0
0
0
0
0.0
0
-0.0240571107715368
-0.4457365870475769
0.0670702308416367
0
0.0
0
0.0
18
0
1
3
-1.0
18
1
1
1
3.0
0
0
0
0
0.0
0
0.0136166596785188
-0.06148049980402
0.4214267134666443
0
0.0
0
0.0
3
0
1
3
-1.0
3
1
1
1
3.0
0
0
0
0
0.0
0
-0.0229929592460394
0.3661642074584961
-0.08724184334278109
0
0.0
0
0.0
16
0
6
5
-1.0
18
0
2
5
3.0
0
0
0
0
0.0
0
0.1258576959371567
0.0371632091701031
-0.3560774028301239
0
0.0
0
0.0
0
1
8
4
-1.0
0
1
4
2
2.0
4
3
4
2
2.0
0
-0.0815337896347046
-0.4698711931705475
0.0610106214880943
0
0.0
0
0.0
18
3
2
2
-1.0
19
3
1
1
2.0
18
4
1
1
2.0
0
-0.00024753381148912
0.1936306953430176
-0.1816868036985397
0
0.0
0
0.0
2
2
2
1
-1.0
2
2
1
1
2.0
0
0
0
0
0.0
1
-0.0002602853928692639
0.08468511700630189
-0.32848459482193
0
0.0
0
0.0
19
4
2
1
-1.0
19
4
1
1
2.0
0
0
0
0
0.0
0
-0.00022039060422685
0.1229088008403778
-0.1549490988254547
0
0.0
0
0.0
0
2
18
1
-1.0
9
2
9
1
2.0
0
0
0
0
0.0
0
0.1960303038358688
0.058126050978899
-0.456215500831604
0
0.0
0
0.0
3
0
16
4
-1.0
11
0
8
2
2.0
3
2
8
2
2.0
0
0.1407869011163712
0.0446753203868866
-0.5619760155677795
0
0.0
0
0.0
5
0
3
1
-1.0
6
0
1
1
3.0
0
0
0
0
0.0
0
-0.0002296175953233615
0.119125097990036
-0.2160618007183075
0
0.0
0
0.0
14
0
3
2
-1.0
15
0
1
2
3.0
0
0
0
0
0.0
0
-0.0195333305746317
-0.3905149102211
0.07010415941476821
0
0.0
0
0.0
5
1
2
2
-1.0
5
1
1
1
2.0
6
2
1
1
2.0
0
0.0138731095939875
-0.0724452435970306
0.3774791061878204
0
0.0
0
0.0
14
0
3
2
-1.0
15
0
1
2
3.0
0
0
0
0
0.0
0
-0.0001263448066310957
0.0957862436771393
-0.126074805855751
0
0.0
0
0.0
5
0
3
2
-1.0
6
0
1
2
3.0
0
0
0
0
0.0
0
-0.024178609251976
-0.5329800844192505
0.0503096207976341
0
0.0
0
0.0
15
2
3
1
-1.0
16
2
1
1
3.0
0
0
0
0
0.0
0
-0.0145593099296093
0.390404611825943
-0.1187724992632866
0
0.0
0
0.0
5
3
3
1
-1.0
6
3
1
1
3.0
0
0
0
0
0.0
0
-0.0002258004969917238
0.1951259970664978
-0.1484954059123993
0
0.0
0
0.0
1
1
21
3
-1.0
8
2
7
1
9.0
0
0
0
0
0.0
0
-0.2149316072463989
-0.6001014709472656
0.0291111394762993
0
0.0
0
0.0
1
2
3
1
-1.0
2
2
1
1
3.0
0
0
0
0
0.0
0
-0.0128397000953555
0.315768301486969
-0.07200150191783911
0
0.0
0
0.0
19
1
1
3
-1.0
19
2
1
1
3.0
0
0
0
0
0.0
0
-0.0198789108544588
0.3225157856941223
-0.135372593998909
0
0.0
0
0.0
2
1
1
3
-1.0
2
2
1
1
3.0
0
0
0
0
0.0
0
0.0100354896858335
-0.0568225607275963
0.4656737148761749
0
0.0
0
0.0
7
1
8
2
-1.0
11
1
4
1
2.0
7
2
4
1
2.0
0
-0.0376236811280251
-0.4267737865447998
0.0648194700479507
0
0.0
0
0.0
9
1
2
2
-1.0
9
1
1
1
2.0
10
2
1
1
2.0
0
0.000113247697299812
-0.1595813930034638
0.1477826982736588
0
0.0
0
0.0
11
2
3
3
-1.0
12
2
1
3
3.0
0
0
0
0
0.0
0
0.0379783287644386
-0.0659075826406479
0.4012987911701202
0
0.0
0
0.0
8
1
3
4
-1.0
9
1
1
4
3.0
0
0
0
0
0.0
0
0.0394397787749767
-0.0845254808664322
0.3566597998142242
0
0.0
0
0.0
16
4
3
1
-1.0
17
4
1
1
3.0
0
0
0
0
0.0
0
-0.008951612748205662
-0.433416098356247
0.0619834288954735
0
0.0
0
0.0
3
4
3
1
-1.0
4
4
1
1
3.0
0
0
0
0
0.0
0
0.00838887132704258
0.0468572117388248
-0.4738920032978058
0
0.0
0
0.0
16
4
3
1
-1.0
17
4
1
1
3.0
0
0
0
0
0.0
0
0.007439808920025826
0.0421781986951828
-0.5143380761146545
0
0.0
0
0.0
3
4
3
1
-1.0
4
4
1
1
3.0
0
0
0
0
0.0
0
-0.010792319662869
-0.5802994966506958
0.0322903692722321
0
0.0
0
0.0
8
3
6
2
-1.0
11
3
3
1
2.0
8
4
3
1
2.0
0
-0.017495209351182
-0.3053542971611023
0.0629183128476143
0
0.0
0
0.0
3
2
3
2
-1.0
4
2
1
2
3.0
0
0
0
0
0.0
0
-0.0205707103013992
0.1825321018695831
-0.1210422962903976
0
0.0
0
0.0
13
3
2
2
-1.0
14
3
1
1
2.0
13
4
1
1
2.0
0
-0.0001108427968574688
0.100026398897171
-0.1450241953134537
0
0.0
0
0.0
9
3
4
2
-1.0
9
3
2
1
2.0
11
4
2
1
2.0
0
-0.011143789626658
-0.3472850024700165
0.0650748834013939
0
0.0
0
0.0
15
2
2
2
-1.0
16
2
1
1
2.0
15
3
1
1
2.0
0
-0.009155320003628731
0.3398604989051819
-0.1354638040065765
0
0.0
0
0.0
1
4
2
1
-1.0
2
4
1
1
2.0
0
0
0
0
0.0
0
-0.0002186071942560375
0.1421895027160645
-0.1600103974342346
0
0.0
0
0.0
9
1
4
3
-1.0
9
1
2
3
2.0
0
0
0
0
0.0
0
-0.08717559278011321
0.3080326914787293
-0.0751926526427269
0
0.0
0
0.0
6
2
8
1
-1.0
8
2
4
1
2.0
0
0
0
0
0.0
0
0.0780207216739655
-0.0983691290020943
0.2524915933609009
0
0.0
0
0.0
18
3
4
2
-1.0
18
4
4
1
2.0
0
0
0
0
0.0
0
0.0002840856031980366
-0.3871381878852844
0.0476101711392403
0
0.0
0
0.0
7
4
4
1
-1.0
8
4
2
1
2.0
0
0
0
0
0.0
0
-0.0120724802836776
0.2123920023441315
-0.1005887016654015
0
0.0
0
0.0
18
3
4
2
-1.0
18
4
4
1
2.0
0
0
0
0
0.0
0
0.09935449808835981
0.0249169804155827
-0.5672984719276428
0
0.0
0
0.0
0
3
4
2
-1.0
0
4
4
1
2.0
0
0
0
0
0.0
0
0.001915771048516035
-0.5084031224250793
0.041036780923605
0
0.0
0
0.0
15
1
3
1
-1.0
16
1
1
1
3.0
0
0
0
0
0.0
0
-0.0001240780984517187
0.0786713063716888
-0.1326536983251572
0
0.0
0
0.0
4
0
5
4
-1.0
4
1
5
2
2.0
0
0
0
0
0.0
0
-0.0522460602223873
0.1149192005395889
-0.1770702004432678
0
0.0
0
0.0
15
2
2
2
-1.0
16
2
1
1
2.0
15
3
1
1
2.0
0
-0.00018520159937907
0.0747666209936142
-0.128610298037529
0
0.0
0
0.0
5
2
2
2
-1.0
5
2
1
1
2.0
6
3
1
1
2.0
0
0.0124963195994496
-0.0372684299945831
0.5833895206451416
0
0.0
0
0.0
13
0
3
1
-1.0
14
0
1
1
3.0
0
0
0
0
0.0
0
-0.0207027494907379
-0.4583578109741211
0.0298828296363354
0
0.0
0
0.0
6
0
3
1
-1.0
7
0
1
1
3.0
0
0
0
0
0.0
0
-0.0001028572005452588
0.1169814020395279
-0.1779796034097672
0
0.0
0
0.0
15
0
3
2
-1.0
16
0
1
2
3.0
0
0
0
0
0.0
0
-0.0292956698685884
-0.4759201109409332
0.0553959012031555
0
0.0
0
0.0
4
0
3
2
-1.0
5
0
1
2
3.0
0
0
0
0
0.0
0
0.002685044892132282
0.0954134166240692
-0.2369711995124817
0
0.0
0
0.0
15
1
5
4
-1.0
15
3
5
2
2.0
0
0
0
0
0.0
0
0.3639847934246063
0.0247668605297804
-0.737818717956543
0
0.0
0
0.0
4
1
3
3
-1.0
4
2
3
1
3.0
0
0
0
0
0.0
0
0.0348225310444832
-0.0371499098837376
0.5801017284393311
0
0.0
0
0.0
-1.565458059310913
0
1
2
2
-1.0
0
1
1
1
2.0
1
2
1
1
2.0
0
-0.006660225801169872
0.31043940782547
-0.1914138048887253
0
0.0
0
0.0
10
0
6
2
-1.0
10
0
3
2
2.0
0
0
0
0
0.0
0
0.0880320072174072
-0.2895796000957489
0.1216154992580414
0
0.0
0
0.0
3
2
3
1
-1.0
4
2
1
1
3.0
0
0
0
0
0.0
0
-0.008237564004957676
0.1945987045764923
-0.2775964140892029
0
0.0
0
0.0
6
1
14
2
-1.0
6
1
7
2
2.0
0
0
0
0
0.0
0
0.4101809859275818
0.0545456595718861
-0.6932289004325867
0
0.0
0
0.0
1
0
4
1
-1.0
2
1
2
1
2.0
0
0
0
0
0.0
1
-0.007922944612801075
0.1306308060884476
-0.3845525979995728
0
0.0
0
0.0
10
0
4
5
-1.0
10
0
2
5
2.0
0
0
0
0
0.0
0
0.0787577778100967
-0.1861117035150528
0.102872796356678
0
0.0
0
0.0
4
1
12
2
-1.0
10
1
6
2
2.0
0
0
0
0
0.0
0
0.1022275015711784
-0.29705610871315
0.1501674950122833
0
0.0
0
0.0
0
0
22
2
-1.0
11
0
11
1
2.0
0
1
11
1
2.0
0
-0.0644519180059433
-0.4134370088577271
0.1080941036343575
0
0.0
0
0.0
2
0
2
3
-1.0
2
1
2
1
3.0
0
0
0
0
0.0
0
-0.0368057303130627
0.3684262037277222
-0.1141026020050049
0
0.0
0
0.0
18
1
1
3
-1.0
18
2
1
1
3.0
0
0
0
0
0.0
0
-0.0293698497116566
0.3276480138301849
-0.0802641063928604
0
0.0
0
0.0
2
4
3
1
-1.0
3
4
1
1
3.0
0
0
0
0
0.0
0
0.006712389178574085
0.0882864221930504
-0.4445902109146118
0
0.0
0
0.0
16
0
6
5
-1.0
18
0
2
5
3.0
0
0
0
0
0.0
0
-0.1538141071796417
-0.4562157094478607
0.0180936008691788
0
0.0
0
0.0
7
3
8
2
-1.0
7
3
4
1
2.0
11
4
4
1
2.0
0
-0.0253893695771694
-0.469032496213913
0.0615506581962109
0
0.0
0
0.0
14
2
2
1
-1.0
14
2
1
1
2.0
0
0
0
0
0.0
1
-0.029891099780798
-0.2820520997047424
0.0278933197259903
0
0.0
0
0.0
8
2
1
2
-1.0
8
2
1
1
2.0
0
0
0
0
0.0
1
-0.0002388924040133134
0.086677610874176
-0.3572528958320618
0
0.0
0
0.0
16
0
6
5
-1.0
18
0
2
5
3.0
0
0
0
0
0.0
0
0.0967053025960922
0.0334066599607468
-0.2078382968902588
0
0.0
0
0.0
5
1
2
2
-1.0
5
1
1
1
2.0
6
2
1
1
2.0
0
0.009129521436989307
-0.0991728901863098
0.3085930943489075
0
0.0
0
0.0
16
0
6
5
-1.0
18
0
2
5
3.0
0
0
0
0
0.0
0
0.2934893071651459
0.008144261315464973
-0.5095192193984985
0
0.0
0
0.0
6
0
10
4
-1.0
6
0
5
2
2.0
11
2
5
2
2.0
0
-0.08324736356735229
-0.4849885106086731
0.0608736611902714
0
0.0
0
0.0
16
0
6
5
-1.0
18
0
2
5
3.0
0
0
0
0
0.0
0
-0.0835273936390877
-0.1033390015363693
0.0158715695142746
0
0.0
0
0.0
0
0
6
5
-1.0
2
0
2
5
3.0
0
0
0
0
0.0
0
-0.1202830001711845
-0.435402899980545
0.06331323087215419
0
0.0
0
0.0
5
2
16
2
-1.0
9
2
8
2
2.0
0
0
0
0
0.0
0
0.3353897035121918
0.0139546301215887
-0.4423910081386566
0
0.0
0
0.0
1
2
10
3
-1.0
6
2
5
3
2.0
0
0
0
0
0.0
0
-0.0164324194192886
-0.4260169863700867
0.0586070418357849
0
0.0
0
0.0
15
3
2
2
-1.0
16
3
1
1
2.0
15
4
1
1
2.0
0
-0.0001912434963742271
0.0605542287230492
-0.077583022415638
0
0.0
0
0.0
5
3
2
2
-1.0
5
3
1
1
2.0
6
4
1
1
2.0
0
0.0002396522031631321
-0.1283147037029266
0.2045322954654694
0
0.0
0
0.0
14
1
8
4
-1.0
18
1
4
2
2.0
14
3
4
2
2.0
0
0.1410280019044876
0.0425505004823208
-0.5261893272399902
0
0.0
0
0.0
3
1
1
4
-1.0
3
3
1
2
2.0
0
0
0
0
0.0
0
0.0160464998334646
-0.2466184049844742
0.0813784524798393
0
0.0
0
0.0
21
1
1
4
-1.0
21
3
1
2
2.0
0
0
0
0
0.0
0
0.0531627796590328
0.0352040007710457
-0.2831040918827057
0
0.0
0
0.0
0
2
22
2
-1.0
0
2
11
1
2.0
11
3
11
1
2.0
0
-0.041723258793354
-0.2983017861843109
0.08012395352125171
0
0.0
0
0.0
17
0
3
3
-1.0
17
1
3
1
3.0
0
0
0
0
0.0
0
-0.0553928017616272
0.2219153046607971
-0.0897308215498924
0
0.0
0
0.0
2
0
3
3
-1.0
2
1
3
1
3.0
0
0
0
0
0.0
0
0.0179573707282543
-0.0925520732998848
0.2500694096088409
0
0.0
0
0.0
10
0
12
5
-1.0
13
0
6
5
2.0
0
0
0
0
0.0
0
-0.4046837985515595
0.1823135018348694
-0.1142465025186539
0
0.0
0
0.0
9
2
4
3
-1.0
11
2
2
3
2.0
0
0
0
0
0.0
0
-0.1204074025154114
0.4014413058757782
-0.0497754290699959
0
0.0
0
0.0
11
0
4
1
-1.0
11
0
2
1
2.0
0
0
0
0
0.0
1
0.1274770051240921
0.0286344606429338
-0.3693166971206665
0
0.0
0
0.0
9
3
2
2
-1.0
9
3
1
1
2.0
10
4
1
1
2.0
0
-0.0002108129992848262
0.1089978963136673
-0.183580607175827
0
0.0
0
0.0
14
0
4
2
-1.0
16
0
2
1
2.0
14
1
2
1
2.0
0
0.0202662907540798
-0.1147174015641213
0.2365763038396835
0
0.0
0
0.0
0
3
20
2
-1.0
0
3
10
1
2.0
10
4
10
1
2.0
0
-0.09385783225297931
-0.4446719884872437
0.0463233590126038
0
0.0
0
0.0
13
1
9
2
-1.0
16
1
3
2
3.0
0
0
0
0
0.0
0
-0.0390890501439571
0.09005717933177949
-0.2432890981435776
0
0.0
0
0.0
9
4
4
1
-1.0
10
4
2
1
2.0
0
0
0
0
0.0
0
0.0116938799619675
-0.1343414038419724
0.1559841930866242
0
0.0
0
0.0
11
2
2
2
-1.0
12
2
1
1
2.0
11
3
1
1
2.0
0
-0.0002339256025152281
0.1066009029746056
-0.1503113955259323
0
0.0
0
0.0
10
1
2
2
-1.0
10
1
2
1
2.0
0
0
0
0
0.0
1
0.076654240489006
0.0466307103633881
-0.4484651982784271
0
0.0
0
0.0
14
1
2
2
-1.0
15
1
1
1
2.0
14
2
1
1
2.0
0
-0.006655284203588963
0.2990885972976685
-0.144961804151535
0
0.0
0
0.0
5
0
3
1
-1.0
6
0
1
1
3.0
0
0
0
0
0.0
0
0.006477984134107828
0.0570152290165424
-0.3590728938579559
0
0.0
0
0.0
8
2
6
1
-1.0
8
2
3
1
2.0
0
0
0
0
0.0
0
-0.0777626633644104
0.5025200247764587
-0.0435283817350864
0
0.0
0
0.0
0
4
22
1
-1.0
11
4
11
1
2.0
0
0
0
0
0.0
0
-0.1397587060928345
0.3465459942817688
-0.052005261182785
0
0.0
0
0.0
16
4
2
1
-1.0
16
4
1
1
2.0
0
0
0
0
0.0
0
-0.0127599202096462
-0.6659132242202759
0.0209838803857565
0
0.0
0
0.0
4
4
2
1
-1.0
5
4
1
1
2.0
0
0
0
0
0.0
0
0.0113625200465322
0.0222821906208992
-0.668510913848877
0
0.0
0
0.0
15
1
6
3
-1.0
17
1
2
3
3.0
0
0
0
0
0.0
0
-0.2231232970952988
-0.461058109998703
0.006297031883150339
0
0.0
0
0.0
6
0
1
2
-1.0
6
0
1
1
2.0
0
0
0
0
0.0
1
0.0002293141005793586
-0.2111182063817978
0.08177117258310319
0
0.0
0
0.0
10
0
4
4
-1.0
10
0
2
4
2.0
0
0
0
0
0.0
0
-0.0602262616157532
0.3254680931568146
-0.0216824002563953
0
0.0
0
0.0
8
0
2
1
-1.0
9
0
1
1
2.0
0
0
0
0
0.0
0
0.000301732390653342
-0.3232026994228363
0.0708208531141281
0
0.0
0
0.0
14
1
2
2
-1.0
15
1
1
1
2.0
14
2
1
1
2.0
0
-0.0002615400881040841
0.0682233572006226
-0.1024259030818939
0
0.0
0
0.0
6
1
2
2
-1.0
6
1
1
1
2.0
7
2
1
1
2.0
0
-0.007484784815460443
0.2240424007177353
-0.0811881870031357
0
0.0
0
0.0
15
0
3
1
-1.0
16
0
1
1
3.0
0
0
0
0
0.0
0
-0.0185171104967594
-0.5528036952018738
0.0357043296098709
0
0.0
0
0.0
9
2
4
3
-1.0
10
2
2
3
2.0
0
0
0
0
0.0
0
0.0813487470149994
-0.0777567028999329
0.239681601524353
0
0.0
0
0.0
20
3
2
2
-1.0
20
4
2
1
2.0
0
0
0
0
0.0
0
-0.003135780105367303
-0.3550890982151032
0.0334104485809803
0
0.0
0
0.0
4
0
3
1
-1.0
5
0
1
1
3.0
0
0
0
0
0.0
0
-0.0002645950007718056
0.1039851978421211
-0.154945895075798
0
0.0
0
0.0
18
2
3
1
-1.0
19
2
1
1
3.0
0
0
0
0
0.0
0
-0.007751889061182737
0.3072158992290497
-0.1471019983291626
0
0.0
0
0.0
0
3
1
2
-1.0
0
4
1
1
2.0
0
0
0
0
0.0
0
-0.001843021018430591
-0.3927483856678009
0.046835970133543
0
0.0
0
0.0
20
3
2
2
-1.0
21
3
1
1
2.0
20
4
1
1
2.0
0
0.0002112296933773905
-0.2182451039552689
0.12243290245533
0
0.0
0
0.0
0
3
2
2
-1.0
0
3
1
1
2.0
1
4
1
1
2.0
0
0.0002210503007518128
-0.1839634031057358
0.089410737156868
0
0.0
0
0.0
10
2
12
2
-1.0
13
2
6
2
2.0
0
0
0
0
0.0
0
-0.1596564948558807
0.096163272857666
-0.08515167981386181
0
0.0
0
0.0
1
2
3
1
-1.0
2
2
1
1
3.0
0
0
0
0
0.0
0
0.0300882197916508
-0.0395904183387756
0.4714989960193634
0
0.0
0
0.0
19
2
3
1
-1.0
20
2
1
1
3.0
0
0
0
0
0.0
0
-0.006029420997947454
0.1985325068235397
-0.10366839915514
0
0.0
0
0.0
0
2
3
1
-1.0
1
2
1
1
3.0
0
0
0
0
0.0
0
0.0125349396839738
-0.0465150997042656
0.372934490442276
0
0.0
0
0.0
20
0
2
1
-1.0
20
0
1
1
2.0
0
0
0
0
0.0
1
0.0249549709260464
0.0378106608986855
-0.2126975953578949
0
0.0
0
0.0
2
0
18
3
-1.0
8
1
6
1
9.0
0
0
0
0
0.0
0
0.991473376750946
0.0404802709817886
-0.4234201908111572
0
0.0
0
0.0
13
0
3
2
-1.0
14
0
1
2
3.0
0
0
0
0
0.0
0
0.005298327188938856
0.087228961288929
-0.2782127857208252
0
0.0
0
0.0
1
2
20
1
-1.0
6
2
10
1
2.0
0
0
0
0
0.0
0
0.193604901432991
-0.0953638702630997
0.1918828040361404
0
0.0
0
0.0
20
0
2
1
-1.0
20
0
1
1
2.0
0
0
0
0
0.0
1
-0.07657249271869659
0.6624032855033875
-0.0049499049782753
0
0.0
0
0.0
8
2
3
2
-1.0
9
2
1
2
3.0
0
0
0
0
0.0
0
0.0288803391158581
-0.057680319994688
0.3216530978679657
0
0.0
0
0.0
20
0
2
1
-1.0
20
0
1
1
2.0
0
0
0
0
0.0
1
-0.0147415297105908
-0.0864769592881203
0.0324847102165222
0
0.0
0
0.0
2
0
1
2
-1.0
2
0
1
1
2.0
0
0
0
0
0.0
1
0.0218243692070246
0.0573925487697124
-0.344171404838562
0
0.0
0
0.0
6
2
16
2
-1.0
10
2
8
2
2.0
0
0
0
0
0.0
0
-0.2281226068735123
-0.5248197913169861
0.006978029850870371
0
0.0
0
0.0
0
2
16
2
-1.0
4
2
8
2
2.0
0
0
0
0
0.0
0
0.2811104953289032
0.0243451707065105
-0.6498730182647705
0
0.0
0
0.0
9
3
4
2
-1.0
11
3
2
1
2.0
9
4
2
1
2.0
0
-0.0229572393000126
-0.4581542909145355
0.0302064307034016
0
0.0
0
0.0
8
0
4
4
-1.0
10
0
2
4
2.0
0
0
0
0
0.0
0
-0.0603400394320488
0.4640114009380341
-0.0372259803116322
0
0.0
0
0.0
11
0
3
1
-1.0
12
0
1
1
3.0
0
0
0
0
0.0
0
0.0275691505521536
0.020976860076189
-0.6901494860649109
0
0.0
0
0.0
9
0
2
1
-1.0
10
0
1
1
2.0
0
0
0
0
0.0
0
0.0002625212073326111
-0.2385396957397461
0.079771563410759
0
0.0
0
0.0
11
0
2
1
-1.0
11
0
1
1
2.0
0
0
0
0
0.0
0
0.0189698804169893
0.031024020165205
-0.2781842947006226
0
0.0
0
0.0
2
0
16
3
-1.0
10
0
8
3
2.0
0
0
0
0
0.0
0
0.5228282809257507
0.017105970531702
-0.794343113899231
0
0.0
0
0.0
5
4
12
1
-1.0
8
4
6
1
2.0
0
0
0
0
0.0
0
-0.0318946912884712
0.2789232134819031
-0.0540697798132896
0
0.0
0
0.0
6
0
3
2
-1.0
7
0
1
2
3.0
0
0
0
0
0.0
0
0.0153362900018692
0.0470543317496777
-0.3611122071743012
0
0.0
0
0.0
4
2
18
3
-1.0
10
3
6
1
9.0
0
0
0
0
0.0
0
-0.4197083115577698
-0.5987181067466736
0.0114638302475214
0
0.0
0
0.0
1
2
2
2
-1.0
1
2
1
1
2.0
2
3
1
1
2.0
0
-0.006756281945854425
0.2296220064163208
-0.064722940325737
0
0.0
0
0.0
19
1
1
3
-1.0
19
2
1
1
3.0
0
0
0
0
0.0
0
0.009866828098893166
-0.0378440208733082
0.3308623135089874
0
0.0
0
0.0
5
0
4
1
-1.0
6
1
2
1
2.0
0
0
0
0
0.0
1
-0.0217330995947123
0.1095108985900879
-0.1400672048330307
0
0.0
0
0.0
11
0
2
2
-1.0
12
0
1
1
2.0
11
1
1
1
2.0
0
0.0303408093750477
0.005339617840945721
-0.6631283164024353
0
0.0
0
0.0
9
0
2
2
-1.0
9
0
1
1
2.0
10
1
1
1
2.0
0
0.0002702536876313388
-0.1567120999097824
0.0986059904098511
0
0.0
0
0.0
10
0
2
5
-1.0
10
0
1
5
2.0
0
0
0
0
0.0
0
-0.0415275506675243
0.2330273985862732
-0.0623291209340096
0
0.0
0
0.0
9
1
4
4
-1.0
11
1
2
4
2.0
0
0
0
0
0.0
0
-0.0617230087518692
0.241589292883873
-0.0955918580293655
0
0.0
0
0.0
15
4
3
1
-1.0
16
4
1
1
3.0
0
0
0
0
0.0
0
0.005992001853883266
0.0676549896597862
-0.3348307907581329
0
0.0
0
0.0
2
0
4
3
-1.0
2
1
4
1
3.0
0
0
0
0
0.0
0
0.1078263968229294
-0.0366013087332249
0.4491366147994995
0
0.0
0
0.0
15
4
3
1
-1.0
16
4
1
1
3.0
0
0
0
0
0.0
0
0.0162226594984531
0.0174882691353559
-0.5831140279769897
0
0.0
0
0.0
4
4
3
1
-1.0
5
4
1
1
3.0
0
0
0
0
0.0
0
-0.0103788198903203
-0.3565832078456879
0.0370058007538319
0
0.0
0
0.0
20
0
2
2
-1.0
21
0
1
1
2.0
20
1
1
1
2.0
0
-0.008441239595413208
0.1430597007274628
-0.0507311187684536
0
0.0
0
0.0
0
1
8
4
-1.0
0
1
4
2
2.0
4
3
4
2
2.0
0
0.1460002958774567
0.0325158499181271
-0.45058611035347
0
0.0
0
0.0
4
2
18
3
-1.0
10
3
6
1
9.0
0
0
0
0
0.0
0
0.9812418222427368
0.004884573165327311
-0.6505978107452393
0
0.0
0
0.0
0
2
18
3
-1.0
6
3
6
1
9.0
0
0
0
0
0.0
0
-0.3686679005622864
-0.7344589829444885
0.0186632201075554
0
0.0
0
0.0
-1.507524013519287
7
0
2
3
-1.0
7
0
1
3
2.0
0
0
0
0
0.0
1
-0.0355198308825493
0.1617852002382278
-0.3557350933551788
0
0.0
0
0.0
12
1
2
2
-1.0
12
1
1
2
2.0
0
0
0
0
0.0
1
0.009172848425805569
-0.1260304003953934
0.1070927977561951
0
0.0
0
0.0
11
0
1
3
-1.0
10
1
1
1
3.0
0
0
0
0
0.0
1
0.2214298993349075
-7.731066943961196e-6
-1230.649047851562
0
0.0
0
0.0
12
0
2
2
-1.0
12
0
1
2
2.0
0
0
0
0
0.0
1
0.11212819814682
0.009611516259610653
-0.5591316819190979
0
0.0
0
0.0
10
0
2
2
-1.0
10
0
2
1
2.0
0
0
0
0
0.0
1
0.0214573107659817
-0.3396573960781097
0.1660932004451752
0
0.0
0
0.0
18
0
4
2
-1.0
20
0
2
1
2.0
18
1
2
1
2.0
0
-0.0129726100713015
0.2339890003204346
-0.1611067950725555
0
0.0
0
0.0
0
2
2
2
-1.0
1
2
1
2
2.0
0
0
0
0
0.0
0
-0.006681878119707108
0.1347575038671494
-0.2744300961494446
0
0.0
0
0.0
21
3
1
2
-1.0
21
4
1
1
2.0
0
0
0
0
0.0
0
0.0002511676866561174
-0.2640047967433929
0.1118483990430832
0
0.0
0
0.0
0
2
16
1
-1.0
8
2
8
1
2.0
0
0
0
0
0.0
0
0.1044178009033203
-0.277215987443924
0.1226371973752976
0
0.0
0
0.0
17
2
2
1
-1.0
17
2
1
1
2.0
0
0
0
0
0.0
0
-0.010307639837265
0.4387269914150238
-0.2257290035486221
0
0.0
0
0.0
0
0
4
5
-1.0
1
0
2
5
2.0
0
0
0
0
0.0
0
-0.0657564774155617
-0.5489766001701355
0.0448703281581402
0
0.0
0
0.0
13
1
3
3
-1.0
14
2
1
1
9.0
0
0
0
0
0.0
0
-0.0232425201684237
0.1687006950378418
-0.2039787024259567
0
0.0
0
0.0
4
1
5
4
-1.0
4
3
5
2
2.0
0
0
0
0
0.0
0
0.0568407289683819
-0.3538163900375366
0.07376065850257869
0
0.0
0
0.0
18
3
2
2
-1.0
19
3
1
1
2.0
18
4
1
1
2.0
0
-0.0002808867138810456
0.08476992696523671
-0.08908948302268981
0
0.0
0
0.0
8
2
4
2
-1.0
8
2
2
1
2.0
10
3
2
1
2.0
0
-0.02889171987772
-0.5387725830078125
0.0481997393071651
0
0.0
0
0.0
14
2
2
2
-1.0
15
2
1
1
2.0
14
3
1
1
2.0
0
0.004881300032138824
-0.1096180975437164
0.2278506010770798
0
0.0
0
0.0
2
3
2
2
-1.0
2
3
1
1
2.0
3
4
1
1
2.0
0
-0.0002279106993228197
0.1515929996967316
-0.1536172926425934
0
0.0
0
0.0
11
0
3
1
-1.0
12
0
1
1
3.0
0
0
0
0
0.0
0
0.0172245390713215
0.0263692494481802
-0.392749011516571
0
0.0
0
0.0
8
0
3
1
-1.0
9
0
1
1
3.0
0
0
0
0
0.0
0
0.0192765109241009
0.0391367189586163
-0.533602774143219
0
0.0
0
0.0
18
0
4
2
-1.0
20
0
2
1
2.0
18
1
2
1
2.0
0
-0.0353499799966812
0.1689237952232361
-0.0447259806096554
0
0.0
0
0.0
4
0
4
1
-1.0
5
0
2
1
2.0
0
0
0
0
0.0
0
-0.0002469022001605481
0.09765114635229109
-0.2252393066883087
0
0.0
0
0.0
14
0
4
2
-1.0
15
0
2
2
2.0
0
0
0
0
0.0
0
-0.0002380802034167573
0.0918731689453125
-0.2102558016777039
0
0.0
0
0.0
6
2
2
2
-1.0
6
2
1
1
2.0
7
3
1
1
2.0
0
0.0002262936031911522
-0.1301615983247757
0.1746802031993866
0
0.0
0
0.0
16
1
3
3
-1.0
17
2
1
1
9.0
0
0
0
0
0.0
0
-0.068512886762619
0.2233822047710419
-0.2069347947835922
0
0.0
0
0.0
4
0
3
2
-1.0
5
0
1
2
3.0
0
0
0
0
0.0
0
-0.022960439324379
-0.4152827858924866
0.0558899901807308
0
0.0
0
0.0
9
1
4
4
-1.0
9
1
2
4
2.0
0
0
0
0
0.0
0
0.1233180016279221
-0.0728143826127052
0.3267267048358917
0
0.0
0
0.0
6
1
3
3
-1.0
7
2
1
1
9.0
0
0
0
0
0.0
0
-0.1549450010061264
-0.7887173891067505
0.0310064293444157
0
0.0
0
0.0
14
0
3
2
-1.0
15
0
1
2
3.0
0
0
0
0
0.0
0
-0.0314758606255054
-0.5589601993560791
0.0317612513899803
0
0.0
0
0.0
0
0
4
2
-1.0
0
0
2
1
2.0
2
1
2
1
2.0
0
-0.0254820995032787
0.253906786441803
-0.0870282873511314
0
0.0
0
0.0
17
2
2
1
-1.0
17
2
1
1
2.0
0
0
0
0
0.0
0
-0.0002538438129704446
0.0537054501473904
-0.1235295012593269
0
0.0
0
0.0
5
0
3
2
-1.0
6
0
1
2
3.0
0
0
0
0
0.0
0
-0.0272925905883312
-0.5135846734046936
0.0360357984900475
0
0.0
0
0.0
16
0
4
3
-1.0
16
1
4
1
3.0
0
0
0
0
0.0
0
0.0507335886359215
-0.0516890287399292
0.3995021879673004
0
0.0
0
0.0
4
3
5
2
-1.0
4
4
5
1
2.0
0
0
0
0
0.0
0
0.1053168997168541
0.0349466502666473
-0.5719997882843018
0
0.0
0
0.0
17
4
3
1
-1.0
18
4
1
1
3.0
0
0
0
0
0.0
0
0.007680024020373821
0.0491173714399338
-0.4794890880584717
0
0.0
0
0.0
3
2
2
1
-1.0
4
2
1
1
2.0
0
0
0
0
0.0
0
-0.000272557110292837
0.09280981868505481
-0.1955388933420181
0
0.0
0
0.0
17
4
3
1
-1.0
18
4
1
1
3.0
0
0
0
0
0.0
0
-0.0105343302711844
-0.5163537859916687
0.0396977588534355
0
0.0
0
0.0
6
4
6
1
-1.0
8
4
2
1
3.0
0
0
0
0
0.0
0
-0.0149531802162528
0.1626240015029907
-0.1271512061357498
0
0.0
0
0.0
5
1
16
2
-1.0
13
1
8
1
2.0
5
2
8
1
2.0
0
-0.0604328215122223
0.1645521968603134
-0.0379642993211746
0
0.0
0
0.0
2
4
3
1
-1.0
3
4
1
1
3.0
0
0
0
0
0.0
0
-0.013054289855063
-0.6074082255363464
0.0316967517137527
0
0.0
0
0.0
6
1
14
2
-1.0
13
1
7
1
2.0
6
2
7
1
2.0
0
0.1608176976442337
-0.0006520561873912811
-0.4585787057876587
0
0.0
0
0.0
2
1
14
2
-1.0
2
1
7
1
2.0
9
2
7
1
2.0
0
0.0341188199818134
-0.1164626032114029
0.1578840017318726
0
0.0
0
0.0
16
1
4
2
-1.0
16
2
4
1
2.0
0
0
0
0
0.0
0
0.0377329401671886
-0.0387539491057396
0.1349529027938843
0
0.0
0
0.0
8
1
6
2
-1.0
8
1
3
1
2.0
11
2
3
1
2.0
0
0.030711879953742
0.0477422587573528
-0.4303537011146545
0
0.0
0
0.0
16
1
4
3
-1.0
16
2
4
1
3.0
0
0
0
0
0.0
0
-0.0379499495029449
0.1175562962889671
-0.1488959044218063
0
0.0
0
0.0
2
1
4
2
-1.0
2
2
4
1
2.0
0
0
0
0
0.0
0
0.0293602906167507
-0.0752530172467232
0.2932392060756683
0
0.0
0
0.0
10
0
8
5
-1.0
10
0
4
5
2.0
0
0
0
0
0.0
0
0.2531990110874176
-0.1665869951248169
0.08949980884790421
0
0.0
0
0.0
6
1
6
3
-1.0
8
1
2
3
3.0
0
0
0
0
0.0
0
0.1295928955078125
-0.055784460157156
0.3491880893707275
0
0.0
0
0.0
19
1
2
2
-1.0
20
1
1
1
2.0
19
2
1
1
2.0
0
-0.00882442481815815
0.2790288925170898
-0.0682061314582825
0
0.0
0
0.0
8
0
4
4
-1.0
10
0
2
4
2.0
0
0
0
0
0.0
0
0.07879137992858889
-0.1562068015337
0.1130442023277283
0
0.0
0
0.0
19
0
2
1
-1.0
19
0
1
1
2.0
0
0
0
0
0.0
1
-0.012836029753089
-0.2341040968894959
0.0688050165772438
0
0.0
0
0.0
0
0
20
4
-1.0
0
0
10
2
2.0
10
2
10
2
2.0
0
-0.07952269911766049
-0.2531400918960571
0.0608972907066345
0
0.0
0
0.0
19
1
3
4
-1.0
19
3
3
2
2.0
0
0
0
0
0.0
0
0.0396368205547333
-0.2644801139831543
0.0823834836483002
0
0.0
0
0.0
0
3
22
2
-1.0
11
3
11
2
2.0
0
0
0
0
0.0
0
-0.2469912022352219
0.3543556034564972
-0.0668885484337807
0
0.0
0
0.0
14
1
2
2
-1.0
15
1
1
1
2.0
14
2
1
1
2.0
0
-0.0002294956939294934
0.1136023998260498
-0.1477279961109161
0
0.0
0
0.0
6
1
2
2
-1.0
6
1
1
1
2.0
7
2
1
1
2.0
0
-0.0133122596889734
0.3158606886863709
-0.0559014193713665
0
0.0
0
0.0
14
0
1
2
-1.0
14
0
1
1
2.0
0
0
0
0
0.0
1
0.0132037801668048
0.0314864404499531
-0.2641296088695526
0
0.0
0
0.0
3
4
3
1
-1.0
4
4
1
1
3.0
0
0
0
0
0.0
0
-0.0122691998258233
-0.5923423767089844
0.0242486894130707
0
0.0
0
0.0
15
2
3
1
-1.0
16
2
1
1
3.0
0
0
0
0
0.0
0
-0.0180592201650143
0.3386563062667847
-0.08069682866334919
0
0.0
0
0.0
7
0
2
1
-1.0
8
0
1
1
2.0
0
0
0
0
0.0
0
0.0002542950969655067
-0.2228489965200424
0.074211597442627
0
0.0
0
0.0
19
1
2
2
-1.0
20
1
1
1
2.0
19
2
1
1
2.0
0
0.007813477888703346
-0.0429794192314148
0.1561470925807953
0
0.0
0
0.0
1
1
2
2
-1.0
1
1
1
1
2.0
2
2
1
1
2.0
0
-0.0109792295843363
0.2791073024272919
-0.0565107986330986
0
0.0
0
0.0
21
1
1
2
-1.0
21
2
1
1
2.0
0
0
0
0
0.0
0
-0.0179905295372009
-0.6046596169471741
0.0311555694788694
0
0.0
0
0.0
0
1
1
2
-1.0
0
2
1
1
2.0
0
0
0
0
0.0
0
0.0112548498436809
0.0487176403403282
-0.3375760018825531
0
0.0
0
0.0
12
0
3
1
-1.0
13
0
1
1
3.0
0
0
0
0
0.0
0
-0.0002613202959764749
0.1056291982531548
-0.1343839019536972
0
0.0
0
0.0
0
3
2
2
-1.0
0
4
2
1
2.0
0
0
0
0
0.0
0
-0.005121008027344942
-0.5522217750549316
0.0265667103230953
0
0.0
0
0.0
12
0
3
1
-1.0
13
0
1
1
3.0
0
0
0
0
0.0
0
0.0246724095195532
0.009725869633257389
-0.6160507798194885
0
0.0
0
0.0
6
3
8
2
-1.0
6
3
4
1
2.0
10
4
4
1
2.0
0
-0.06769496202468871
-0.7366021275520325
0.0195282194763422
0
0.0
0
0.0
12
0
3
1
-1.0
13
0
1
1
3.0
0
0
0
0
0.0
0
-0.0280081909149885
-0.5081465244293213
0.010170410387218
0
0.0
0
0.0
0
2
3
1
-1.0
1
2
1
1
3.0
0
0
0
0
0.0
0
-0.007190756034106016
0.1463394016027451
-0.1010674014687538
0
0.0
0
0.0
10
2
2
2
-1.0
10
2
1
2
2.0
0
0
0
0
0.0
0
-0.0151786198839545
0.2253026068210602
-0.07120364904403691
0
0.0
0
0.0
10
1
2
4
-1.0
11
1
1
4
2.0
0
0
0
0
0.0
0
-0.0177353993058205
0.1873757988214493
-0.0931500867009163
0
0.0
0
0.0
12
0
3
1
-1.0
13
0
1
1
3.0
0
0
0
0
0.0
0
0.0002682731137610972
-0.0509754493832588
0.0780920535326004
0
0.0
0
0.0
7
0
3
1
-1.0
8
0
1
1
3.0
0
0
0
0
0.0
0
0.0153298303484917
0.0317088216543198
-0.4852918982505798
0
0.0
0
0.0
17
1
4
2
-1.0
19
1
2
1
2.0
17
2
2
1
2.0
0
0.0002856446953956038
-0.0747290104627609
0.0735304802656174
0
0.0
0
0.0
1
1
4
2
-1.0
1
1
2
1
2.0
3
2
2
1
2.0
0
-0.0221204292029142
0.2728720009326935
-0.0640629082918167
0
0.0
0
0.0
18
1
2
1
-1.0
18
1
1
1
2.0
0
0
0
0
0.0
0
-0.0002188749931519851
0.0630310028791428
-0.0968450531363487
0
0.0
0
0.0
2
1
2
1
-1.0
3
1
1
1
2.0
0
0
0
0
0.0
0
-0.0002108321059495211
0.1038902029395104
-0.1652563959360123
0
0.0
0
0.0
18
2
2
2
-1.0
19
2
1
1
2.0
18
3
1
1
2.0
0
-0.006275460124015808
0.2422588020563126
-0.07590792328119279
0
0.0
0
0.0
2
0
2
2
-1.0
3
0
1
2
2.0
0
0
0
0
0.0
0
-0.0237578097730875
-0.3831805884838104
0.0401335097849369
0
0.0
0
0.0
18
2
2
2
-1.0
19
2
1
1
2.0
18
3
1
1
2.0
0
0.0113250697031617
-0.0355255305767059
0.2116439938545227
0
0.0
0
0.0
7
0
3
1
-1.0
8
1
1
1
3.0
0
0
0
0
0.0
1
-0.072220653295517
-0.6267685294151306
0.022165909409523
0
0.0
0
0.0
18
2
2
2
-1.0
19
2
1
1
2.0
18
3
1
1
2.0
0
-0.0450176112353802
-0.7715169787406921
0.0007734898244962096
0
0.0
0
0.0
2
2
2
2
-1.0
2
2
1
1
2.0
3
3
1
1
2.0
0
-0.006236041896045208
0.2645697891712189
-0.0533634796738625
0
0.0
0
0.0
20
2
1
2
-1.0
20
2
1
1
2.0
0
0
0
0
0.0
1
-0.0002535537059884518
0.0403987504541874
-0.1579526960849762
0
0.0
0
0.0
2
2
2
1
-1.0
2
2
1
1
2.0
0
0
0
0
0.0
1
-0.0462715588510036
-0.4078798890113831
0.0389214716851711
0
0.0
0
0.0
13
0
5
2
-1.0
13
1
5
1
2.0
0
0
0
0
0.0
0
-0.0112186595797539
0.0743954926729202
-0.1334968060255051
0
0.0
0
0.0
6
3
10
2
-1.0
6
3
5
1
2.0
11
4
5
1
2.0
0
0.0422749705612659
0.037559799849987
-0.3565911948680878
0
0.0
0
0.0
10
3
2
2
-1.0
11
3
1
1
2.0
10
4
1
1
2.0
0
0.007155471947044134
0.0328388698399067
-0.3969492018222809
0
0.0
0
0.0
2
2
8
3
-1.0
6
2
4
3
2.0
0
0
0
0
0.0
0
0.2889994978904724
0.0218638405203819
-0.5641658902168274
0
0.0
0
0.0
12
3
3
1
-1.0
13
3
1
1
3.0
0
0
0
0
0.0
0
-0.019863760098815
0.2233767956495285
-0.0311224795877934
0
0.0
0
0.0
2
4
16
1
-1.0
10
4
8
1
2.0
0
0
0
0
0.0
0
0.0201476793736219
-0.1318303048610687
0.1064788028597832
0
0.0
0
0.0
12
2
3
2
-1.0
13
2
1
2
3.0
0
0
0
0
0.0
0
0.0210211295634508
-0.0279414597898722
0.149680495262146
0
0.0
0
0.0
7
2
3
2
-1.0
8
2
1
2
3.0
0
0
0
0
0.0
0
0.009080107323825359
-0.0714284330606461
0.2156967967748642
0
0.0
0
0.0
11
2
2
2
-1.0
12
2
1
1
2.0
11
3
1
1
2.0
0
-0.0210751108825207
-0.6355488896369934
0.014859089627862
0
0.0
0
0.0
9
2
2
2
-1.0
9
2
1
1
2.0
10
3
1
1
2.0
0
-0.0002690292021725327
0.1086373031139374
-0.1504798978567123
0
0.0
0
0.0
15
2
4
2
-1.0
17
2
2
1
2.0
15
3
2
1
2.0
0
-0.0003171626885887235
0.0856569930911064
-0.1238802000880241
0
0.0
0
0.0
6
0
8
5
-1.0
8
0
4
5
2.0
0
0
0
0
0.0
0
0.25432288646698
-0.0996628925204277
0.1379338055849075
0
0.0
0
0.0
13
2
2
1
-1.0
13
2
1
1
2.0
0
0
0
0
0.0
1
0.035156611353159
0.0276070702821016
-0.3085579872131348
0
0.0
0
0.0
9
2
1
2
-1.0
9
2
1
1
2.0
0
0
0
0
0.0
1
-0.0003131942066829652
0.0933624133467674
-0.1582736968994141
0
0.0
0
0.0
15
2
4
2
-1.0
17
2
2
1
2.0
15
3
2
1
2.0
0
0.0002223670016974211
-0.0268055405467749
0.0416803695261478
0
0.0
0
0.0
3
2
4
2
-1.0
3
2
2
1
2.0
5
3
2
1
2.0
0
-0.0002259917964693159
0.1031626984477043
-0.1553778052330017
0
0.0
0
0.0
17
0
4
2
-1.0
18
0
2
2
2.0
0
0
0
0
0.0
0
0.013176410458982
0.0482045710086823
-0.1634005010128021
0
0.0
0
0.0
1
0
4
2
-1.0
2
0
2
2
2.0
0
0
0
0
0.0
0
-0.0366892404854298
-0.5666003227233887
0.0216245893388987
0
0.0
0
0.0
14
0
4
2
-1.0
16
0
2
1
2.0
14
1
2
1
2.0
0
0.0254966802895069
-0.0464780293405056
0.1221868023276329
0
0.0
0
0.0
11
1
3
1
-1.0
12
2
1
1
3.0
0
0
0
0
0.0
1
0.0127627197653055
-0.1167680993676186
0.1235193982720375
0
0.0
0
0.0
-1.426769018173218
3
2
3
2
-1.0
4
2
1
2
3.0
0
0
0
0
0.0
0
-0.0126805501058698
0.2194640040397644
-0.303429514169693
0
0.0
0
0.0
9
0
10
3
-1.0
9
0
5
3
2.0
0
0
0
0
0.0
0
0.2027722001075745
-0.3529298901557922
0.08188857883214951
0
0.0
0
0.0
2
0
3
2
-1.0
3
1
1
2
3.0
0
0
0
0
0.0
1
-0.0420491583645344
0.2480846047401428
-0.1789755970239639
0
0.0
0
0.0
11
1
2
4
-1.0
11
1
1
4
2.0
0
0
0
0
0.0
0
0.0373815894126892
-0.1080716997385025
0.1355669945478439
0
0.0
0
0.0
1
2
16
1
-1.0
9
2
8
1
2.0
0
0
0
0
0.0
0
0.08987926691770549
-0.3144111037254334
0.1164997965097427
0
0.0
0
0.0
14
2
2
1
-1.0
14
2
1
1
2.0
0
0
0
0
0.0
1
-0.0002284961956320331
0.1204447969794273
-0.1587626934051514
0
0.0
0
0.0
5
2
3
1
-1.0
6
2
1
1
3.0
0
0
0
0
0.0
0
0.0197688303887844
-0.1005569025874138
0.3598122894763947
0
0.0
0
0.0
21
0
1
4
-1.0
21
2
1
2
2.0
0
0
0
0
0.0
0
-0.004685406107455492
-0.2215726971626282
0.09403135627508161
0
0.0
0
0.0
7
2
1
2
-1.0
7
2
1
1
2.0
0
0
0
0
0.0
1
-0.0002611592062748969
0.0738363713026047
-0.2855063080787659
0
0.0
0
0.0
10
3
6
2
-1.0
12
3
2
2
3.0
0
0
0
0
0.0
0
0.0531009398400784
-0.0566674806177616
0.2398404031991959
0
0.0
0
0.0
0
1
2
2
-1.0
0
1
1
1
2.0
1
2
1
1
2.0
0
-0.0001097529966500588
0.1155333966016769
-0.2110487073659897
0
0.0
0
0.0
0
0
22
4
-1.0
11
0
11
2
2.0
0
2
11
2
2.0
0
-0.3080747127532959
-0.4916175007820129
0.0521330609917641
0
0.0
0
0.0
2
2
2
2
-1.0
2
2
1
1
2.0
3
3
1
1
2.0
0
0.009525729343295097
-0.0939754992723465
0.3000304996967316
0
0.0
0
0.0
4
2
14
2
-1.0
11
2
7
1
2.0
4
3
7
1
2.0
0
0.0479064993560314
0.0510066412389278
-0.4533003866672516
0
0.0
0
0.0
1
4
4
1
-1.0
2
4
2
1
2.0
0
0
0
0
0.0
0
0.008115174248814583
0.0535905212163925
-0.3858076930046082
0
0.0
0
0.0
8
4
6
1
-1.0
10
4
2
1
3.0
0
0
0
0
0.0
0
0.0115232598036528
-0.2229443043470383
0.090755969285965
0
0.0
0
0.0
4
0
5
4
-1.0
4
1
5
2
2.0
0
0
0
0
0.0
0
-0.057037029415369
0.1140248998999596
-0.1793856024742127
0
0.0
0
0.0
16
0
4
3
-1.0
16
1
4
1
3.0
0
0
0
0
0.0
0
-0.0963431894779205
0.2599610984325409
-0.0678420215845108
0
0.0
0
0.0
2
0
4
3
-1.0
2
1
4
1
3.0
0
0
0
0
0.0
0
0.0538529604673386
-0.0825551375746727
0.3720957040786743
0
0.0
0
0.0
12
0
2
1
-1.0
12
0
1
1
2.0
0
0
0
0
0.0
0
0.000321676314342767
-0.3507750034332275
0.0821119621396065
0
0.0
0
0.0
0
3
22
2
-1.0
0
3
11
1
2.0
11
4
11
1
2.0
0
-0.0564907491207123
-0.3229841887950897
0.0538763888180256
0
0.0
0
0.0
16
0
2
1
-1.0
16
0
1
1
2.0
0
0
0
0
0.0
0
-0.0002790655998978764
0.1558347046375275
-0.2573314905166626
0
0.0
0
0.0
0
4
6
1
-1.0
2
4
2
1
3.0
0
0
0
0
0.0
0
-0.0382157601416111
-0.4869484007358551
0.037561759352684
0
0.0
0
0.0
18
1
1
3
-1.0
18
2
1
1
3.0
0
0
0
0
0.0
0
0.007650025188922882
-0.0622060298919678
0.2777954936027527
0
0.0
0
0.0
1
2
6
3
-1.0
3
2
2
3
3.0
0
0
0
0
0.0
0
0.0223919898271561
0.0567261911928654
-0.3096722066402435
0
0.0
0
0.0
18
1
1
3
-1.0
18
2
1
1
3.0
0
0
0
0
0.0
0
-0.0288605708628893
0.2171639055013657
-0.0595195591449738
0
0.0
0
0.0
3
1
1
3
-1.0
3
2
1
1
3.0
0
0
0
0
0.0
0
0.006942328996956348
-0.0510598309338093
0.4046814143657684
0
0.0
0
0.0
21
3
1
2
-1.0
21
4
1
1
2.0
0
0
0
0
0.0
0
0.0140064498409629
0.0495527796447277
-0.1997963041067123
0
0.0
0
0.0
0
3
1
2
-1.0
0
4
1
1
2.0
0
0
0
0
0.0
0
0.0002738230105023831
-0.3052073121070862
0.0695639625191689
0
0.0
0
0.0
16
0
2
1
-1.0
16
0
1
1
2.0
0
0
0
0
0.0
0
-0.0151743097230792
-0.3825840950012207
0.0219741594046354
0
0.0
0
0.0
4
0
2
1
-1.0
5
0
1
1
2.0
0
0
0
0
0.0
0
-0.0001932261948240921
0.1185929030179977
-0.1750292032957077
0
0.0
0
0.0
8
0
12
3
-1.0
12
1
4
1
9.0
0
0
0
0
0.0
0
-0.5898758172988892
-0.6428133249282837
0.0170734506100416
0
0.0
0
0.0
8
0
4
1
-1.0
9
0
2
1
2.0
0
0
0
0
0.0
0
0.0002591593947727233
-0.2325448989868164
0.0648522824048996
0
0.0
0
0.0
10
0
8
4
-1.0
10
0
4
4
2.0
0
0
0
0
0.0
0
0.5708745121955872
0.007814496755599976
-0.6534169912338257
0
0.0
0
0.0
9
0
4
4
-1.0
11
0
2
4
2.0
0
0
0
0
0.0
0
0.0880111008882523
-0.0650307089090347
0.2522613108158112
0
0.0
0
0.0
8
0
12
3
-1.0
12
1
4
1
9.0
0
0
0
0
0.0
0
-0.0115374401211739
0.0258980691432953
-0.0485799610614777
0
0.0
0
0.0
2
0
12
3
-1.0
6
1
4
1
9.0
0
0
0
0
0.0
0
-0.4653395116329193
-0.4928914904594421
0.036602970212698
0
0.0
0
0.0
10
0
8
4
-1.0
10
0
4
4
2.0
0
0
0
0
0.0
0
0.6187191009521484
-0.002213638043031096
-0.7480828166007996
0
0.0
0
0.0
4
0
8
4
-1.0
8
0
4
4
2.0
0
0
0
0
0.0
0
0.5378053188323975
0.0291653908789158
-0.5173789858818054
0
0.0
0
0.0
10
1
6
4
-1.0
12
1
2
4
3.0
0
0
0
0
0.0
0
0.2519442141056061
-0.0285676196217537
0.4221490025520325
0
0.0
0
0.0
9
2
3
3
-1.0
10
2
1
3
3.0
0
0
0
0
0.0
0
0.0274908300489187
-0.1249886006116867
0.1562238931655884
0
0.0
0
0.0
10
1
6
4
-1.0
12
1
2
4
3.0
0
0
0
0
0.0
0
0.1806313991546631
-0.0163250491023064
0.1323429048061371
0
0.0
0
0.0
6
1
6
4
-1.0
8
1
2
4
3.0
0
0
0
0
0.0
0
0.1738668978214264
-0.0489186011254787
0.414736807346344
0
0.0
0
0.0
6
2
10
2
-1.0
11
2
5
1
2.0
6
3
5
1
2.0
0
-0.0499421507120132
-0.4714230895042419
0.0378924496471882
0
0.0
0
0.0
2
1
15
3
-1.0
7
2
5
1
9.0
0
0
0
0
0.0
0
0.820217490196228
0.023966159671545
-0.5435004234313965
0
0.0
0
0.0
14
1
2
1
-1.0
14
1
1
1
2.0
0
0
0
0
0.0
0
0.0002584863104857504
-0.1057196035981178
0.0487360209226608
0
0.0
0
0.0
1
2
3
1
-1.0
2
2
1
1
3.0
0
0
0
0
0.0
0
-0.008005083538591862
0.1960175931453705
-0.0707343071699142
0
0.0
0
0.0
4
2
15
1
-1.0
9
2
5
1
3.0
0
0
0
0
0.0
0
0.3124977946281433
-0.0346124917268753
0.2072722017765045
0
0.0
0
0.0
4
2
3
1
-1.0
5
2
1
1
3.0
0
0
0
0
0.0
0
0.016595009714365
-0.0553347915410995
0.323628306388855
0
0.0
0
0.0
14
1
2
1
-1.0
14
1
1
1
2.0
0
0
0
0
0.0
0
0.006612289231270552
0.06481184810400011
-0.1037767007946968
0
0.0
0
0.0
0
1
9
2
-1.0
3
1
3
2
3.0
0
0
0
0
0.0
0
-0.0555340386927128
0.091052807867527
-0.1942782998085022
0
0.0
0
0.0
21
2
1
2
-1.0
21
3
1
1
2.0
0
0
0
0
0.0
0
-0.004265727009624243
-0.3721610009670258
0.0351289287209511
0
0.0
0
0.0
0
2
1
2
-1.0
0
3
1
1
2.0
0
0
0
0
0.0
0
-0.007131582126021385
-0.4001424014568329
0.0363785400986671
0
0.0
0
0.0
0
3
22
1
-1.0
0
3
11
1
2.0
0
0
0
0
0.0
0
-0.1546691060066223
0.2241909950971603
-0.0645142272114754
0
0.0
0
0.0
0
3
16
2
-1.0
4
3
8
2
2.0
0
0
0
0
0.0
0
-0.0567202009260654
-0.27846959233284
0.06510878354310989
0
0.0
0
0.0
15
2
3
1
-1.0
16
2
1
1
3.0
0
0
0
0
0.0
0
-0.0117585696280003
0.1950017958879471
-0.08031643927097321
0
0.0
0
0.0
4
4
3
1
-1.0
5
4
1
1
3.0
0
0
0
0
0.0
0
0.006211850792169571
0.0487297289073467
-0.2942777872085571
0
0.0
0
0.0
14
0
6
2
-1.0
17
0
3
1
2.0
14
1
3
1
2.0
0
0.0311635509133339
-0.0396496094763279
0.1087224036455154
0
0.0
0
0.0
2
0
6
2
-1.0
2
0
3
1
2.0
5
1
3
1
2.0
0
-0.018731789663434
0.2549884915351868
-0.0570606589317322
0
0.0
0
0.0
11
3
2
2
-1.0
12
3
1
1
2.0
11
4
1
1
2.0
0
-0.0001962921960512176
0.0609826892614365
-0.1056500002741814
0
0.0
0
0.0
0
0
2
2
-1.0
0
0
1
1
2.0
1
1
1
1
2.0
0
-0.0112534696236253
0.2410207986831665
-0.0549335293471813
0
0.0
0
0.0
17
0
4
2
-1.0
18
0
2
2
2.0
0
0
0
0
0.0
0
-0.0184186305850744
-0.2154302000999451
0.0418593809008598
0
0.0
0
0.0
1
0
4
2
-1.0
2
0
2
2
2.0
0
0
0
0
0.0
0
-0.0269794706255198
-0.440447986125946
0.0282598100602627
0
0.0
0
0.0
16
0
3
2
-1.0
17
0
1
2
3.0
0
0
0
0
0.0
0
-0.0003181243082508445
0.1126312986016274
-0.1561287045478821
0
0.0
0
0.0
3
0
3
2
-1.0
4
0
1
2
3.0
0
0
0
0
0.0
0
-0.0142690502107143
-0.2204768061637878
0.0639629736542702
0
0.0
0
0.0
12
1
2
4
-1.0
13
1
1
2
2.0
12
3
1
2
2.0
0
0.0410973504185677
-0.0144041404128075
0.451136589050293
0
0.0
0
0.0
8
1
2
4
-1.0
8
1
1
2
2.0
9
3
1
2
2.0
0
0.0341849811375141
-0.0239439606666565
0.5334662199020386
0
0.0
0
0.0
14
0
4
2
-1.0
15
0
2
2
2.0
0
0
0
0
0.0
0
-0.055098719894886
-0.4417823851108551
0.0144759602844715
0
0.0
0
0.0
10
0
2
2
-1.0
10
0
1
1
2.0
11
1
1
1
2.0
0
0.0154654402285814
0.0182211305946112
-0.62355637550354
0
0.0
0
0.0
15
1
2
2
-1.0
16
1
1
1
2.0
15
2
1
1
2.0
0
0.005349657032638788
-0.1382047981023789
0.2178387939929962
0
0.0
0
0.0
7
1
8
2
-1.0
7
1
4
1
2.0
11
2
4
1
2.0
0
0.0499045215547085
0.0274669490754604
-0.5273222923278809
0
0.0
0
0.0
9
2
9
3
-1.0
12
3
3
1
9.0
0
0
0
0
0.0
0
-0.5729550123214722
-0.8296223282814026
0.0005537532852031291
0
0.0
0
0.0
4
2
9
3
-1.0
7
3
3
1
9.0
0
0
0
0
0.0
0
0.0248066000640392
0.1025058031082153
-0.1492258012294769
0
0.0
0
0.0
19
2
2
2
-1.0
20
2
1
1
2.0
19
3
1
1
2.0
0
0.00868014432489872
-0.075809933245182
0.236641600728035
0
0.0
0
0.0
9
2
1
2
-1.0
9
2
1
1
2.0
0
0
0
0
0.0
1
-0.0426608510315418
-0.4847196936607361
0.0303105395287275
0
0.0
0
0.0
7
2
8
3
-1.0
7
2
4
3
2.0
0
0
0
0
0.0
0
0.2783867120742798
-0.0308529809117317
0.4881013929843903
0
0.0
0
0.0
4
0
3
1
-1.0
5
0
1
1
3.0
0
0
0
0
0.0
0
-0.0108723295852542
-0.2787505090236664
0.0469719097018242
0
0.0
0
0.0
13
4
3
1
-1.0
14
4
1
1
3.0
0
0
0
0
0.0
0
0.0002890579926315695
-0.09771308302879329
0.1045359000563622
0
0.0
0
0.0
1
2
2
2
-1.0
1
2
1
1
2.0
2
3
1
1
2.0
0
0.008339949883520603
-0.0567897297441959
0.2199099957942963
0
0.0
0
0.0
19
2
2
2
-1.0
20
2
1
1
2.0
19
3
1
1
2.0
0
-0.004502560943365097
0.168193906545639
-0.0471827611327171
0
0.0
0
0.0
1
1
2
2
-1.0
1
1
1
1
2.0
2
2
1
1
2.0
0
0.009114161133766174
-0.053859930485487
0.2494518011808395
0
0.0
0
0.0
21
0
1
4
-1.0
21
2
1
2
2.0
0
0
0
0
0.0
0
0.0334822796285152
0.0396987795829773
-0.1784003973007202
0
0.0
0
0.0
0
0
1
4
-1.0
0
2
1
2
2.0
0
0
0
0
0.0
0
-0.0168455094099045
-0.2692301869392395
0.0555524602532387
0
0.0
0
0.0
14
0
3
1
-1.0
15
0
1
1
3.0
0
0
0
0
0.0
0
0.004336761776357889
0.0457564890384674
-0.2253731936216354
0
0.0
0
0.0
2
0
16
2
-1.0
6
0
8
2
2.0
0
0
0
0
0.0
0
-0.1215948015451431
0.6139575839042664
-0.0229580700397491
0
0.0
0
0.0
14
0
3
1
-1.0
15
0
1
1
3.0
0
0
0
0
0.0
0
-0.018687279894948
-0.3642201125621796
0.023655790835619
0
0.0
0
0.0
3
1
16
2
-1.0
11
1
8
2
2.0
0
0
0
0
0.0
0
-0.2913098037242889
-0.62919682264328
0.0176620502024889
0
0.0
0
0.0
13
4
3
1
-1.0
14
4
1
1
3.0
0
0
0
0
0.0
0
-0.0003017009003087878
0.07902030646800989
-0.0738237276673317
0
0.0
0
0.0
6
4
3
1
-1.0
7
4
1
1
3.0
0
0
0
0
0.0
0
0.0002304897934664041
-0.1133956015110016
0.1254207938909531
0
0.0
0
0.0
11
2
2
1
-1.0
11
2
1
1
2.0
0
0
0
0
0.0
1
0.031774640083313
0.0240910202264786
-0.2394727021455765
0
0.0
0
0.0
9
0
4
3
-1.0
11
0
2
3
2.0
0
0
0
0
0.0
0
-0.0676887184381485
0.2068980932235718
-0.0623617693781853
0
0.0
0
0.0
14
2
2
1
-1.0
14
2
1
1
2.0
0
0
0
0
0.0
1
0.03978580981493
0.0135105196386576
-0.6386339068412781
0
0.0
0
0.0
8
0
2
1
-1.0
8
0
1
1
2.0
0
0
0
0
0.0
1
-0.0200208593159914
-0.1968978047370911
0.0677288100123405
0
0.0
0
0.0
12
1
2
2
-1.0
12
1
1
2
2.0
0
0
0
0
0.0
1
0.0945090875029564
0.0180175509303808
-0.6440523862838745
0
0.0
0
0.0
9
3
2
2
-1.0
9
3
1
1
2.0
10
4
1
1
2.0
0
0.006269989069551229
0.0314390510320663
-0.3640947937965393
0
0.0
0
0.0
4
2
16
1
-1.0
4
2
8
1
2.0
0
0
0
0
0.0
0
-0.1304758042097092
-0.5485221147537231
0.005948858801275492
0
0.0
0
0.0
3
0
2
1
-1.0
4
0
1
1
2.0
0
0
0
0
0.0
0
-0.0002784603857435286
0.0861910805106163
-0.1290287971496582
0
0.0
0
0.0
14
0
8
5
-1.0
14
0
4
5
2.0
0
0
0
0
0.0
0
-0.2183739989995956
0.1289092004299164
-0.0562122501432896
0
0.0
0
0.0
0
0
8
5
-1.0
4
0
4
5
2.0
0
0
0
0
0.0
0
0.1850591003894806
-0.0471936501562595
0.2954468131065369
0
0.0
0
0.0
15
1
2
2
-1.0
16
1
1
1
2.0
15
2
1
1
2.0
0
0.0166506506502628
-0.0225153602659702
0.1783117949962616
0
0.0
0
0.0
6
1
3
2
-1.0
7
1
1
2
3.0
0
0
0
0
0.0
0
-0.000239788496401161
0.0790100768208504
-0.1559263020753861
0
0.0
0
0.0
15
1
3
3
-1.0
16
2
1
1
9.0
0
0
0
0
0.0
0
0.0583770088851452
-0.0246948692947626
0.3055580854415894
0
0.0
0
0.0
4
1
3
3
-1.0
5
2
1
1
9.0
0
0
0
0
0.0
0
-0.0584596507251263
0.147981196641922
-0.08937825262546539
0
0.0
0
0.0
16
0
2
3
-1.0
16
1
2
1
3.0
0
0
0
0
0.0
0
-0.0185263492166996
0.0921296998858452
-0.08974325656890871
0
0.0
0
0.0
8
2
6
1
-1.0
11
2
3
1
2.0
0
0
0
0
0.0
0
0.0854168683290482
-0.0263978093862534
0.4890831112861633
0
0.0
0
0.0
10
0
12
2
-1.0
13
0
6
2
2.0
0
0
0
0
0.0
0
-0.1266379952430725
0.0472919195890427
-0.0673991292715073
0
0.0
0
0.0
0
2
22
3
-1.0
11
2
11
3
2.0
0
0
0
0
0.0
0
-0.1949647068977356
0.2069161981344223
-0.0614933893084526
0
0.0
0
0.0
15
4
2
1
-1.0
15
4
1
1
2.0
0
0
0
0
0.0
0
0.0120370900258422
0.029463229700923
-0.6021323800086975
0
0.0
0
0.0
0
0
3
3
-1.0
1
0
1
3
3.0
0
0
0
0
0.0
0
-0.0002794477913994342
0.0810977965593338
-0.1374575942754746
0
0.0
0
0.0
15
1
6
2
-1.0
17
1
2
2
3.0
0
0
0
0
0.0
0
0.009735407307744026
0.0417893193662167
-0.1630245000123978
0
0.0
0
0.0
8
0
4
5
-1.0
10
0
2
5
2.0
0
0
0
0
0.0
0
0.0743067711591721
-0.1493885070085526
0.0783251002430916
0
0.0
0
0.0
11
3
4
1
-1.0
12
3
2
1
2.0
0
0
0
0
0.0
0
0.0144710596650839
-0.0261145904660225
0.1420436054468155
0
0.0
0
0.0
7
3
4
1
-1.0
8
3
2
1
2.0
0
0
0
0
0.0
0
0.0118553396314383
-0.0516728907823563
0.269976407289505
0
0.0
0
0.0
16
0
2
3
-1.0
16
1
2
1
3.0
0
0
0
0
0.0
0
0.0213465392589569
-0.03386614844203
0.2302772998809815
0
0.0
0
0.0
4
0
2
3
-1.0
4
1
2
1
3.0
0
0
0
0
0.0
0
-0.0490451715886593
0.2696835994720459
-0.0548960007727146
0
0.0
0
0.0
14
2
2
1
-1.0
14
2
1
1
2.0
0
0
0
0
0.0
1
-0.0358397103846073
-0.2992103099822998
0.0226319395005703
0
0.0
0
0.0
1
2
6
1
-1.0
3
2
2
1
3.0
0
0
0
0
0.0
0
-0.0002886698057409376
0.0606743693351746
-0.2074286043643951
0
0.0
0
0.0
7
0
8
2
-1.0
11
0
4
1
2.0
7
1
4
1
2.0
0
-0.0311627201735973
-0.2476159930229187
0.0501967892050743
0
0.0
0
0.0
9
0
3
1
-1.0
10
0
1
1
3.0
0
0
0
0
0.0
0
0.0002837051870301366
-0.1959448009729385
0.0566197708249092
0
0.0
0
0.0
11
0
2
2
-1.0
12
0
1
1
2.0
11
1
1
1
2.0
0
-0.0496213212609291
0.8667588233947754
-0.00345145701430738
0
0.0
0
0.0
9
0
2
2
-1.0
9
0
1
1
2.0
10
1
1
1
2.0
0
0.0002534968953114003
-0.1387840062379837
0.082779698073864
0
0.0
0
0.0
10
1
3
3
-1.0
11
1
1
3
3.0
0
0
0
0
0.0
0
0.0579679794609547
-0.0396481305360794
0.1881846934556961
0
0.0
0
0.0
4
3
5
2
-1.0
4
4
5
1
2.0
0
0
0
0
0.0
0
0.018554650247097
-0.1919265985488892
0.063079372048378
0
0.0
0
0.0
14
2
2
1
-1.0
14
2
1
1
2.0
0
0
0
0
0.0
1
0.0196151006966829
0.0190081596374512
-0.190767303109169
0
0.0
0
0.0
8
2
1
2
-1.0
8
2
1
1
2.0
0
0
0
0
0.0
1
-0.0334483496844769
-0.2958706915378571
0.0443617105484009
0
0.0
0
0.0
14
1
2
2
-1.0
15
1
1
1
2.0
14
2
1
1
2.0
0
-0.007564764004200697
0.2529521882534027
-0.1090489998459816
0
0.0
0
0.0
9
1
3
4
-1.0
10
1
1
4
3.0
0
0
0
0
0.0
0
-0.0180390607565641
0.2877208888530731
-0.0384894199669361
0
0.0
0
0.0
15
4
3
1
-1.0
16
4
1
1
3.0
0
0
0
0
0.0
0
-0.0001956568012246862
0.0949289873242378
-0.1012921035289764
0
0.0
0
0.0
4
4
3
1
-1.0
5
4
1
1
3.0
0
0
0
0
0.0
0
-0.020392619073391
-0.8009325861930847
0.0130648696795106
0
0.0
0
0.0
8
0
12
2
-1.0
14
0
6
1
2.0
8
1
6
1
2.0
0
-0.09036692231893539
0.3940427005290985
-0.01908528059721
0
0.0
0
0.0
7
0
3
3
-1.0
8
1
1
1
9.0
0
0
0
0
0.0
0
-0.1523697972297669
-0.641892671585083
0.0175207499414682
0
0.0
0
0.0
13
2
1
2
-1.0
13
2
1
1
2.0
0
0
0
0
0.0
1
-0.0771427676081657
0.308662086725235
-0.0145021099597216
0
0.0
0
0.0
3
4
3
1
-1.0
4
4
1
1
3.0
0
0
0
0
0.0
0
-0.008898127824068069
-0.3348196148872376
0.0308049898594618
0
0.0
0
0.0
-1.461177945137024
