[Header]
20
10
14
16
18
18
22
26
26
32
30
38
40
42
46
52
52
60
66
58
66
[Nodes]
20x20
8
12
3
8
-1.0
8
16
3
4
2.0
0
0
0
0
0.0
0
0.0273259896785021
-0.9060062170028687
0.0
0
0.0
1
1.0
5
11
8
9
-1.0
7
11
4
9
2.0
0
0
0
0
0.0
0
-0.00705684581771493
0.9338570833206177
-0.4585995972156525
0
0.0
0
0.0
8
7
11
12
-1.0
8
11
11
4
3.0
0
0
0
0
0.0
0
-0.1253869980573654
0.72463721036911
0.0
0
0.0
1
1.0
1
0
7
8
-1.0
1
4
7
4
2.0
0
0
0
0
0.0
0
-0.1148729994893074
0.5303416848182678
-0.8322122097015381
0
0.0
0
0.0
9
7
6
6
-1.0
7
9
6
2
3.0
0
0
0
0
0.0
1
-0.0583099387586117
0.6540889143943787
0.0
0
0.0
1
1.0
0
0
7
4
-1.0
0
2
7
2
2.0
0
0
0
0
0.0
0
-0.0176843702793121
0.2948287129402161
-0.7480958104133606
0
0.0
0
0.0
16
13
4
4
-1.0
18
13
2
4
2.0
0
0
0
0
0.0
0
0.003593717003241181
-0.5030391812324524
0.0
0
0.0
1
1.0
17
15
2
3
-1.0
17
15
1
3
2.0
0
0
0
0
0.0
1
-0.001343611045740545
0.6599534153938293
-0.5574085712432861
0
0.0
0
0.0
0
13
6
2
-1.0
2
13
2
2
3.0
0
0
0
0
0.0
0
-0.002179594011977315
0.0
-0.4201635122299194
1
1.0
0
0.0
5
0
6
6
-1.0
7
0
2
6
3.0
0
0
0
0
0.0
0
0.0115148704499006
0.5969433188438416
-0.8050804734230042
0
0.0
0
0.0
-2.392410039901733
5
7
9
12
-1.0
8
11
3
4
9.0
0
0
0
0
0.0
0
-0.2248556017875671
0.0
-0.8136320114135742
1
1.0
0
0.0
5
6
4
10
-1.0
5
6
2
5
2.0
7
11
2
5
2.0
0
-0.009600800462067127
0.9086313843727112
-0.3220897018909454
0
0.0
0
0.0
8
12
11
8
-1.0
8
16
11
4
2.0
0
0
0
0
0.0
0
0.0742191672325134
-0.7532945275306702
0.0
0
0.0
1
1.0
0
0
1
8
-1.0
0
4
1
4
2.0
0
0
0
0
0.0
0
-0.005316574126482
0.8633949756622314
-0.0334635712206364
0
0.0
0
0.0
0
0
6
6
-1.0
3
0
3
6
2.0
0
0
0
0
0.0
0
-0.002191344974562526
0.0
-0.557203471660614
1
1.0
0
0.0
14
14
6
6
-1.0
14
17
6
3
2.0
0
0
0
0
0.0
0
0.0118009597063065
-0.3235968053340912
0.6416382193565369
0
0.0
0
0.0
5
13
9
7
-1.0
8
13
3
7
3.0
0
0
0
0
0.0
0
-0.007617970928549767
0.0
-0.5316786766052246
1
1.0
0
0.0
6
17
6
3
-1.0
8
17
2
3
3.0
0
0
0
0
0.0
0
-0.009058751165866852
-0.736114501953125
0.556607723236084
0
0.0
0
0.0
0
0
4
4
-1.0
0
2
4
2
2.0
0
0
0
0
0.0
0
-0.004995977971702814
0.0
-0.4147691130638123
1
1.0
0
0.0
1
0
3
3
-1.0
2
1
1
1
9.0
0
0
0
0
0.0
0
0.008080393075942993
0.5927835702896118
-0.6738492250442505
0
0.0
0
0.0
3
18
6
2
-1.0
3
19
6
1
2.0
0
0
0
0
0.0
0
0.001990901073440909
-0.421459287405014
0.0
0
0.0
1
1.0
7
18
4
2
-1.0
8
18
2
2
2.0
0
0
0
0
0.0
0
0.001684574992395937
0.546792209148407
-0.7509945034980774
0
0.0
0
0.0
6
10
12
2
-1.0
6
11
12
1
2.0
0
0
0
0
0.0
0
-0.005078187212347984
0.0
-0.3989954888820648
1
1.0
0
0.0
15
8
3
1
-1.0
16
9
1
1
3.0
0
0
0
0
0.0
1
0.002664560917764902
0.5894060134887695
-0.4677804112434387
0
0.0
0
0.0
-2.649873018264771
5
7
9
12
-1.0
8
11
3
4
9.0
0
0
0
0
0.0
0
-0.2530143857002258
0.0
-0.7540258765220642
1
1.0
0
0.0
16
13
1
6
-1.0
16
16
1
3
2.0
0
0
0
0
0.0
0
0.002966377884149551
-0.3527964949607849
0.8799229860305786
0
0.0
0
0.0
9
7
5
6
-1.0
7
9
5
2
3.0
0
0
0
0
0.0
1
-0.0471276491880417
0.0
-0.5223489999771118
1
1.0
0
0.0
16
12
4
6
-1.0
18
12
2
6
2.0
0
0
0
0
0.0
0
0.001950075034983456
-0.3037990927696228
0.7520437836647034
0
0.0
0
0.0
0
0
6
8
-1.0
0
4
6
4
2.0
0
0
0
0
0.0
0
-0.0714810267090797
0.6584190130233765
0.0
0
0.0
1
1.0
3
1
15
12
-1.0
3
5
15
4
3.0
0
0
0
0
0.0
0
0.221897304058075
-0.6090720295906067
0.5684216022491455
0
0.0
0
0.0
11
12
9
8
-1.0
11
16
9
4
2.0
0
0
0
0
0.0
0
0.033842820674181
-0.6431164741516113
0.0
0
0.0
1
1.0
0
0
12
9
-1.0
4
0
4
9
3.0
0
0
0
0
0.0
0
-0.0005171456141397357
0.54620361328125
-0.3998414874076843
0
0.0
0
0.0
0
12
6
4
-1.0
2
12
2
4
3.0
0
0
0
0
0.0
0
-0.003445821115747094
0.0
-0.4563683867454529
1
1.0
0
0.0
10
18
4
2
-1.0
11
18
2
2
2.0
0
0
0
0
0.0
0
0.002439572941511869
0.4779818952083588
-0.9124708771705627
0
0.0
0
0.0
5
2
3
3
-1.0
6
2
1
3
3.0
0
0
0
0
0.0
0
0.002138507086783648
0.0
-0.8361775875091553
1
1.0
0
0.0
12
18
3
2
-1.0
13
18
1
2
3.0
0
0
0
0
0.0
0
0.001832440961152315
0.3346279859542847
-0.7500854730606079
0
0.0
0
0.0
0
0
2
8
-1.0
1
0
1
8
2.0
0
0
0
0
0.0
0
0.00111676100641489
0.0
-0.6908379793167114
1
1.0
0
0.0
5
18
4
2
-1.0
5
19
4
1
2.0
0
0
0
0
0.0
0
9.910699736792594e-5
-0.3456133008003235
0.411831796169281
0
0.0
0
0.0
14
11
6
6
-1.0
17
11
3
6
2.0
0
0
0
0
0.0
0
0.0154477702453732
0.0
0.3698019087314606
1
1.0
0
0.0
6
12
8
4
-1.0
8
12
4
4
2.0
0
0
0
0
0.0
0
-0.0322449393570423
0.6111283898353577
-0.5568534135818481
0
0.0
0
0.0
-2.382839918136597
12
6
4
9
-1.0
9
9
4
3
3.0
0
0
0
0
0.0
1
-0.1225112974643707
0.0
-0.6702662706375122
1
1.0
0
0.0
11
9
4
7
-1.0
12
10
2
7
2.0
0
0
0
0
0.0
1
-0.0142306098714471
0.87802392244339
-0.1878418028354645
0
0.0
0
0.0
5
8
4
8
-1.0
5
8
2
4
2.0
7
12
2
4
2.0
0
-0.00598332192748785
0.0
-0.581228494644165
1
1.0
0
0.0
8
12
11
8
-1.0
8
16
11
4
2.0
0
0
0
0
0.0
0
0.07708513736724849
-0.5039535164833069
0.6738736033439636
0
0.0
0
0.0
3
0
14
6
-1.0
3
3
14
3
2.0
0
0
0
0
0.0
0
-0.1108618974685669
0.6343203783035278
0.0
0
0.0
1
1.0
7
1
6
12
-1.0
7
4
6
6
2.0
0
0
0
0
0.0
0
0.0946047604084015
-0.4972639083862305
0.3878743946552277
0
0.0
0
0.0
0
18
7
2
-1.0
0
19
7
1
2.0
0
0
0
0
0.0
0
0.000176961300894618
-0.6393880248069763
0.0
0
0.0
1
1.0
16
12
4
3
-1.0
18
12
2
3
2.0
0
0
0
0
0.0
0
0.002012032084167004
-0.3531391024589539
0.5153843760490417
0
0.0
0
0.0
0
0
4
8
-1.0
2
0
2
8
2.0
0
0
0
0
0.0
0
-0.00161028397269547
0.0
-0.5191590189933777
1
1.0
0
0.0
3
0
4
1
-1.0
5
0
2
1
2.0
0
0
0
0
0.0
0
0.001666606985963881
0.4047819077968597
-0.6949635744094849
0
0.0
0
0.0
3
13
2
2
-1.0
3
13
2
1
2.0
0
0
0
0
0.0
1
-0.0007148099830374122
0.0
-0.4894518852233887
1
1.0
0
0.0
0
16
19
4
-1.0
0
18
19
2
2.0
0
0
0
0
0.0
0
-0.004764757119119167
-0.5003775954246521
0.4079605937004089
0
0.0
0
0.0
7
13
8
2
-1.0
11
13
4
2
2.0
0
0
0
0
0.0
0
0.007865959778428078
-0.3363642990589142
0.0
0
0.0
1
1.0
8
8
4
1
-1.0
9
8
2
1
2.0
0
0
0
0
0.0
0
-0.001293831039220095
-0.676213800907135
0.4701024889945984
0
0.0
0
0.0
0
1
1
4
-1.0
0
3
1
2
2.0
0
0
0
0
0.0
0
-0.0003653313906397671
0.0
-0.4707160890102386
1
1.0
0
0.0
0
0
1
4
-1.0
0
1
1
2
2.0
0
0
0
0
0.0
0
0.002056567929685116
0.4132341146469116
-0.5552641749382019
0
0.0
0
0.0
15
15
5
2
-1.0
15
16
5
1
2.0
0
0
0
0
0.0
0
7.838571764295921e-5
-0.5152115821838379
0.0
0
0.0
1
1.0
7
18
3
2
-1.0
8
18
1
2
3.0
0
0
0
0
0.0
0
0.001751180039718747
0.3341724872589111
-0.795581579208374
0
0.0
0
0.0
-2.131220102310181
13
7
3
8
-1.0
11
9
3
4
2.0
0
0
0
0
0.0
1
-0.0646952390670776
0.0
-0.61326402425766
1
1.0
0
0.0
15
12
2
8
-1.0
15
16
2
4
2.0
0
0
0
0
0.0
0
0.009521217085421085
-0.5483155846595764
0.7865244746208191
0
0.0
0
0.0
2
0
10
6
-1.0
2
3
10
3
2.0
0
0
0
0
0.0
0
-0.0981097668409348
0.6911330819129944
0.0
0
0.0
1
1.0
0
5
18
15
-1.0
6
10
6
5
9.0
0
0
0
0
0.0
0
-0.8593845963478088
0.4536468088626862
-0.5002614855766296
0
0.0
0
0.0
3
11
12
6
-1.0
7
13
4
2
9.0
0
0
0
0
0.0
0
-0.0898361727595329
0.0
-0.5292878150939941
1
1.0
0
0.0
16
12
4
7
-1.0
18
12
2
7
2.0
0
0
0
0
0.0
0
0.002694593043997884
-0.3819977939128876
0.5782129764556885
0
0.0
0
0.0
8
18
4
2
-1.0
9
18
2
2
2.0
0
0
0
0
0.0
0
0.00259735994040966
0.0
-0.91928368806839
1
1.0
0
0.0
8
17
4
3
-1.0
9
17
2
3
2.0
0
0
0
0
0.0
0
-0.003005811013281345
-0.8021379709243774
0.2925927937030792
0
0.0
0
0.0
0
12
6
6
-1.0
2
12
2
6
3.0
0
0
0
0
0.0
0
-0.004549629054963589
0.0
-0.4367895126342773
1
1.0
0
0.0
4
16
4
4
-1.0
5
16
2
4
2.0
0
0
0
0
0.0
0
0.004737672861665487
0.4101088047027588
-0.7269281148910522
0
0.0
0
0.0
3
0
4
6
-1.0
4
0
2
6
2.0
0
0
0
0
0.0
0
0.004619043786078691
0.0
-0.848951518535614
1
1.0
0
0.0
1
0
4
7
-1.0
2
0
2
7
2.0
0
0
0
0
0.0
0
0.004537728149443865
0.3012467920780182
-0.7030177116394043
0
0.0
0
0.0
2
0
8
3
-1.0
6
0
4
3
2.0
0
0
0
0
0.0
0
-0.00249527906998992
0.0
-0.4678474962711334
1
1.0
0
0.0
8
3
4
6
-1.0
9
3
2
6
2.0
0
0
0
0
0.0
0
-0.005175376776605844
-0.7453035116195679
0.4001182019710541
0
0.0
0
0.0
10
10
3
2
-1.0
10
11
3
1
2.0
0
0
0
0
0.0
0
-0.005204974208027124
0.4866926968097687
0.0
0
0.0
1
1.0
4
3
7
6
-1.0
4
6
7
3
2.0
0
0
0
0
0.0
0
-0.0878920033574104
0.8349394798278809
-0.3382771909236908
0
0.0
0
0.0
10
18
10
2
-1.0
15
18
5
2
2.0
0
0
0
0
0.0
0
0.006999725010246038
-0.290398895740509
0.0
0
0.0
1
1.0
9
13
6
1
-1.0
9
13
3
1
2.0
0
0
0
0
0.0
1
-0.009099025279283524
0.6231582164764404
-0.3542473018169403
0
0.0
0
0.0
-2.017621040344238
10
8
4
6
-1.0
8
10
4
2
3.0
0
0
0
0
0.0
1
-0.0557021014392376
0.0
-0.6984158158302307
1
1.0
0
0.0
14
12
6
8
-1.0
14
16
6
4
2.0
0
0
0
0
0.0
0
0.034033291041851
-0.3950918912887573
0.8031312823295593
0
0.0
0
0.0
10
8
6
4
-1.0
12
10
2
4
3.0
0
0
0
0
0.0
1
-0.0461990609765053
0.0
-0.488603800535202
1
1.0
0
0.0
0
12
6
3
-1.0
2
12
2
3
3.0
0
0
0
0
0.0
0
-0.004806166980415583
0.8077561259269714
-0.0744908228516579
0
0.0
0
0.0
18
11
2
6
-1.0
19
11
1
6
2.0
0
0
0
0
0.0
0
0.001817048992961645
-0.3804352879524231
0.0
0
0.0
1
1.0
0
0
1
10
-1.0
0
5
1
5
2.0
0
0
0
0
0.0
0
-0.003616237081587315
0.6045172214508057
-0.2258224040269852
0
0.0
0
0.0
5
4
8
12
-1.0
7
4
4
12
2.0
0
0
0
0
0.0
0
-0.0157069507986307
0.0
-0.3757799863815308
1
1.0
0
0.0
1
3
9
8
-1.0
4
3
3
8
3.0
0
0
0
0
0.0
0
0.004392995033413172
0.5421422123908997
-0.3738824129104614
0
0.0
0
0.0
0
0
2
2
-1.0
0
1
2
1
2.0
0
0
0
0
0.0
0
-0.0001004721998469904
0.0
-0.4743340909481049
1
1.0
0
0.0
12
8
6
12
-1.0
14
12
2
4
9.0
0
0
0
0
0.0
0
-0.0864751189947128
0.5018631815910339
-0.2113623023033142
0
0.0
0
0.0
4
2
14
6
-1.0
4
4
14
2
3.0
0
0
0
0
0.0
0
-0.077960766851902
0.5733734965324402
0.0
0
0.0
1
1.0
3
0
12
8
-1.0
3
4
12
4
2.0
0
0
0
0
0.0
0
0.0985612869262695
-0.3251555860042572
0.5303598046302795
0
0.0
0
0.0
0
0
17
20
-1.0
0
5
17
10
2.0
0
0
0
0
0.0
0
-0.5435916781425476
0.5946429967880249
0.0
0
0.0
1
1.0
4
0
13
6
-1.0
4
2
13
2
3.0
0
0
0
0
0.0
0
-0.0441776998341084
0.2967107892036438
-0.3847483098506927
0
0.0
0
0.0
2
10
3
6
-1.0
3
10
1
6
3.0
0
0
0
0
0.0
0
-0.0008801640942692757
0.0
-0.3200058937072754
1
1.0
0
0.0
4
14
6
4
-1.0
4
14
3
2
2.0
7
16
3
2
2.0
0
0.002635939046740532
-0.1758614033460617
0.4836035072803497
0
0.0
0
0.0
8
1
6
8
-1.0
10
1
2
8
3.0
0
0
0
0
0.0
0
-0.0142036899924278
-0.7788208723068237
0.0
0
0.0
1
1.0
0
1
2
6
-1.0
1
1
1
6
2.0
0
0
0
0
0.0
0
-7.390281825792044e-5
0.3061941862106323
-0.3319604992866516
0
0.0
0
0.0
8
12
1
3
-1.0
7
13
1
1
3.0
0
0
0
0
0.0
1
0.004615724086761475
0.0
0.4968977868556976
1
1.0
0
0.0
5
4
8
4
-1.0
5
4
8
2
2.0
0
0
0
0
0.0
1
0.0111523102968931
-0.5343589186668396
0.0972294434905052
0
0.0
0
0.0
0
2
4
5
-1.0
1
2
2
5
2.0
0
0
0
0
0.0
0
-0.006054770201444626
-0.83811217546463
0.0
0
0.0
1
1.0
5
12
3
2
-1.0
6
12
1
2
3.0
0
0
0
0
0.0
0
-0.002111874055117369
0.6361703276634216
-0.0482991896569729
0
0.0
0
0.0
-2.221204996109009
5
13
8
2
-1.0
7
13
4
2
2.0
0
0
0
0
0.0
0
-0.0129568297415972
0.0
-0.6487473249435425
1
1.0
0
0.0
11
9
9
8
-1.0
11
11
9
4
2.0
0
0
0
0
0.0
0
-0.0271410197019577
0.7629305720329285
-0.3394787013530731
0
0.0
0
0.0
16
12
4
3
-1.0
18
12
2
3
2.0
0
0
0
0
0.0
0
0.004511999897658825
-0.5005983710289
0.0
0
0.0
1
1.0
16
14
4
6
-1.0
16
17
4
3
2.0
0
0
0
0
0.0
0
0.0125166904181242
-0.368733286857605
0.5988863110542297
0
0.0
0
0.0
0
12
6
3
-1.0
2
12
2
3
3.0
0
0
0
0
0.0
0
-0.006055794190615416
0.0
-0.3894093036651611
1
1.0
0
0.0
8
6
7
6
-1.0
6
8
7
2
3.0
0
0
0
0
0.0
1
-0.0469237491488457
0.6326891183853149
-0.2627002894878387
0
0.0
0
0.0
0
0
1
6
-1.0
0
3
1
3
2.0
0
0
0
0
0.0
0
-0.002401826903223991
0.0
-0.5051792860031128
1
1.0
0
0.0
0
2
15
5
-1.0
5
2
5
5
3.0
0
0
0
0
0.0
0
-0.0159360896795988
0.6552600264549255
-0.17308109998703
0
0.0
0
0.0
8
11
10
3
-1.0
13
11
5
3
2.0
0
0
0
0
0.0
0
0.0140002900734544
-0.4165323078632355
0.0
0
0.0
1
1.0
8
11
2
8
-1.0
8
15
2
4
2.0
0
0
0
0
0.0
0
0.0132027799263597
-0.491219699382782
0.373979389667511
0
0.0
0
0.0
0
1
2
6
-1.0
1
1
1
6
2.0
0
0
0
0
0.0
0
-0.0002765858080238104
0.0
-0.4538286924362183
1
1.0
0
0.0
0
1
4
4
-1.0
1
1
2
4
2.0
0
0
0
0
0.0
0
-0.004863414913415909
-0.5979688167572021
0.3121772110462189
0
0.0
0
0.0
5
16
3
1
-1.0
6
17
1
1
3.0
0
0
0
0
0.0
1
0.00276549207046628
0.0
-0.7647656798362732
1
1.0
0
0.0
5
0
7
15
-1.0
5
5
7
5
3.0
0
0
0
0
0.0
0
0.2553476989269257
-0.034267220646143
0.7078657746315002
0
0.0
0
0.0
17
0
3
2
-1.0
18
1
1
2
3.0
0
0
0
0
0.0
1
0.004681296180933714
0.0
-0.7879086136817932
1
1.0
0
0.0
4
18
6
2
-1.0
6
18
2
2
3.0
0
0
0
0
0.0
0
0.006516213063150644
0.1887757927179337
-0.7913225889205933
0
0.0
0
0.0
7
1
4
5
-1.0
7
1
2
5
2.0
0
0
0
0
0.0
1
0.057325329631567
0.0
0.6234918832778931
1
1.0
0
0.0
14
0
6
8
-1.0
14
0
3
4
2.0
17
4
3
4
2.0
0
-0.0127183301374316
0.3086060881614685
-0.3278433084487915
0
0.0
0
0.0
5
2
4
18
-1.0
5
2
2
9
2.0
7
11
2
9
2.0
0
-0.0006737426156178117
0.0
-0.4545154869556427
1
1.0
0
0.0
7
18
6
2
-1.0
9
18
2
2
3.0
0
0
0
0
0.0
0
0.005656464956700802
0.2743133902549744
-0.7844793796539307
0
0.0
0
0.0
10
8
2
3
-1.0
10
9
2
1
3.0
0
0
0
0
0.0
0
0.003113409038633108
0.0
0.3973877131938934
1
1.0
0
0.0
10
10
4
2
-1.0
10
10
2
1
2.0
12
11
2
1
2.0
0
0.002424977952614427
-0.3519827127456665
0.3049009144306183
0
0.0
0
0.0
4
2
12
6
-1.0
4
4
12
2
3.0
0
0
0
0
0.0
0
-0.0556414611637592
0.4557549059391022
0.0
0
0.0
1
1.0
5
1
12
8
-1.0
5
3
12
4
2.0
0
0
0
0
0.0
0
0.0435481294989586
-0.3337092995643616
0.2950142920017242
0
0.0
0
0.0
2
18
4
2
-1.0
2
19
4
1
2.0
0
0
0
0
0.0
0
0.0008078337996266782
0.0
0.2246004045009613
1
1.0
0
0.0
0
18
8
1
-1.0
4
18
4
1
2.0
0
0
0
0
0.0
0
0.001871327054686844
-0.6604840755462646
0.1503167003393173
0
0.0
0
0.0
-2.132883071899414
4
7
12
12
-1.0
8
11
4
4
9.0
0
0
0
0
0.0
0
-0.4351662993431091
0.0
-0.4995929002761841
1
1.0
0
0.0
16
11
4
6
-1.0
18
11
2
6
2.0
0
0
0
0
0.0
0
0.006259503774344921
-0.2363958954811096
0.7997537851333618
0
0.0
0
0.0
6
13
6
7
-1.0
8
13
2
7
3.0
0
0
0
0
0.0
0
-0.00665181502699852
0.0
-0.547528088092804
1
1.0
0
0.0
0
0
1
8
-1.0
0
4
1
4
2.0
0
0
0
0
0.0
0
-0.005709209013730288
0.6427332758903503
-0.21511809527874
0
0.0
0
0.0
15
14
5
6
-1.0
15
17
5
3
2.0
0
0
0
0
0.0
0
0.0194501802325249
-0.536050021648407
0.0
0
0.0
1
1.0
0
7
6
9
-1.0
2
7
2
9
3.0
0
0
0
0
0.0
0
-0.005447649862617254
0.5579450130462646
-0.2147496044635773
0
0.0
0
0.0
15
11
4
1
-1.0
16
12
2
1
2.0
0
0
0
0
0.0
1
-0.0001634758955333382
0.0
-0.559628427028656
1
1.0
0
0.0
11
11
8
2
-1.0
15
11
4
2
2.0
0
0
0
0
0.0
0
0.007161465007811785
-0.1660436987876892
0.4680525958538055
0
0.0
0
0.0
0
1
12
11
-1.0
3
1
6
11
2.0
0
0
0
0
0.0
0
-0.0131451701745391
0.0
-0.4127990901470184
1
1.0
0
0.0
8
8
6
4
-1.0
7
9
6
2
2.0
0
0
0
0
0.0
1
-0.0114368097856641
0.3790180087089539
-0.4179157912731171
0
0.0
0
0.0
6
17
6
3
-1.0
8
17
2
3
3.0
0
0
0
0
0.0
0
-0.00729120010510087
-0.7608966827392578
0.0
0
0.0
1
1.0
0
0
1
4
-1.0
0
2
1
2
2.0
0
0
0
0
0.0
0
-0.0005217092111706734
0.3252761960029602
-0.3011097013950348
0
0.0
0
0.0
3
1
1
3
-1.0
2
2
1
1
3.0
0
0
0
0
0.0
1
0.003375401021912694
0.0
-0.7837396264076233
1
1.0
0
0.0
18
11
2
3
-1.0
18
12
2
1
3.0
0
0
0
0
0.0
0
0.002510016085579991
0.1852544993162155
-0.5808495879173279
0
0.0
0
0.0
3
12
2
8
-1.0
3
12
1
4
2.0
4
16
1
4
2.0
0
-0.001288420986384153
0.2733950018882751
0.0
0
0.0
1
1.0
3
12
3
3
-1.0
4
12
1
3
3.0
0
0
0
0
0.0
0
-0.001872648019343615
0.1681987941265106
-0.5198690295219421
0
0.0
0
0.0
11
18
4
2
-1.0
12
18
2
2
2.0
0
0
0
0
0.0
0
0.002401018980890512
0.0
-0.8296467065811157
1
1.0
0
0.0
17
10
3
3
-1.0
17
11
3
1
3.0
0
0
0
0
0.0
0
0.004893808159977198
0.1679659932851791
-0.655308723449707
0
0.0
0
0.0
7
14
5
2
-1.0
7
15
5
1
2.0
0
0
0
0
0.0
0
0.003122302005067468
-0.4352130889892578
0.0
0
0.0
1
1.0
6
0
4
5
-1.0
6
0
2
5
2.0
0
0
0
0
0.0
1
0.0503664910793304
-0.00583278015255928
0.7087830901145935
0
0.0
0
0.0
6
1
5
8
-1.0
6
5
5
4
2.0
0
0
0
0
0.0
0
0.0361518003046513
0.0
0.4497916102409363
1
1.0
0
0.0
3
1
9
8
-1.0
3
5
9
4
2.0
0
0
0
0
0.0
0
-0.1342658996582031
0.3947243094444275
-0.3758862912654877
0
0.0
0
0.0
2
14
15
6
-1.0
7
14
5
6
3.0
0
0
0
0
0.0
0
-0.0277913697063923
0.0
-0.2948872148990631
1
1.0
0
0.0
12
3
6
5
-1.0
14
3
2
5
3.0
0
0
0
0
0.0
0
-0.0127121703699231
-0.7201173901557922
0.3659502863883972
0
0.0
0
0.0
5
16
2
2
-1.0
5
16
1
2
2.0
0
0
0
0
0.0
1
-0.0003827674954663962
0.0
-0.4058133959770203
1
1.0
0
0.0
5
16
2
2
-1.0
5
16
1
2
2.0
0
0
0
0
0.0
1
-0.006133052986115217
-0.5272595882415771
0.3604049980640411
0
0.0
0
0.0
-1.988453984260559
9
8
6
4
-1.0
11
10
2
4
3.0
0
0
0
0
0.0
1
-0.0477486699819565
0.0
-0.5990238785743713
1
1.0
0
0.0
4
11
3
4
-1.0
4
13
3
2
2.0
0
0
0
0
0.0
0
0.004620185121893883
-0.2488749027252197
0.6920158267021179
0
0.0
0
0.0
13
8
6
12
-1.0
15
12
2
4
9.0
0
0
0
0
0.0
0
-0.0853534564375877
0.0
-0.5171583294868469
1
1.0
0
0.0
0
0
1
10
-1.0
0
5
1
5
2.0
0
0
0
0
0.0
0
-0.007011096924543381
0.5695065259933472
-0.2474942058324814
0
0.0
0
0.0
0
12
6
4
-1.0
2
12
2
4
3.0
0
0
0
0
0.0
0
-0.007656747009605169
0.0
-0.3731651902198792
1
1.0
0
0.0
7
5
8
6
-1.0
5
7
8
2
3.0
0
0
0
0
0.0
1
-0.0359194912016392
0.4943858087062836
-0.3958668112754822
0
0.0
0
0.0
3
1
16
4
-1.0
3
3
16
2
2.0
0
0
0
0
0.0
0
-0.0743266269564629
0.5675597786903381
0.0
0
0.0
1
1.0
6
2
10
9
-1.0
6
5
10
3
3.0
0
0
0
0
0.0
0
0.0901185870170593
-0.3892117142677307
0.3107909858226776
0
0.0
0
0.0
14
10
6
10
-1.0
17
10
3
10
2.0
0
0
0
0
0.0
0
0.0167364608496428
-0.3667413890361786
0.0
0
0.0
1
1.0
5
17
4
3
-1.0
6
17
2
3
2.0
0
0
0
0
0.0
0
0.001859258045442402
0.3487572073936462
-0.5748311281204224
0
0.0
0
0.0
5
12
3
2
-1.0
6
12
1
2
3.0
0
0
0
0
0.0
0
0.007526414003223181
0.0
0.6787899136543274
1
1.0
0
0.0
5
12
3
2
-1.0
6
12
1
2
3.0
0
0
0
0
0.0
0
-0.003530939109623432
0.4861792027950287
-0.25660640001297
0
0.0
0
0.0
0
0
2
9
-1.0
1
0
1
9
2.0
0
0
0
0
0.0
0
-4.951074879500084e-5
0.0
-0.4566124081611633
1
1.0
0
0.0
2
6
3
2
-1.0
2
6
3
1
2.0
0
0
0
0
0.0
1
-0.006892324890941381
-0.5713472962379456
0.329210489988327
0
0.0
0
0.0
7
16
6
3
-1.0
9
16
2
3
3.0
0
0
0
0
0.0
0
0.006115606985986233
0.0
-0.713153600692749
1
1.0
0
0.0
7
17
6
2
-1.0
9
17
2
2
3.0
0
0
0
0
0.0
0
-0.005501488223671913
-0.5913907885551453
0.1980594992637634
0
0.0
0
0.0
6
3
9
6
-1.0
4
5
9
2
3.0
0
0
0
0
0.0
1
-0.0423780605196953
0.0
-0.3823930025100708
1
1.0
0
0.0
6
15
3
2
-1.0
7
16
1
2
3.0
0
0
0
0
0.0
1
0.002201125957071781
0.3345701098442078
-0.4303233921527863
0
0.0
0
0.0
6
2
3
3
-1.0
7
2
1
3
3.0
0
0
0
0
0.0
0
0.002121737925335765
0.0
-0.6831002235412598
1
1.0
0
0.0
2
1
6
4
-1.0
4
1
2
4
3.0
0
0
0
0
0.0
0
0.006438546814024448
0.2047861069440842
-0.6179394125938416
0
0.0
0
0.0
13
11
4
2
-1.0
13
11
2
1
2.0
15
12
2
1
2.0
0
0.003117741085588932
0.0
0.5113716125488281
1
1.0
0
0.0
14
10
2
2
-1.0
14
10
1
1
2.0
15
11
1
1
2.0
0
0.000422302691731602
-0.3644020855426788
0.2107304930686951
0
0.0
0
0.0
17
7
3
3
-1.0
18
8
1
3
3.0
0
0
0
0
0.0
1
-0.006565729156136513
-0.6458150148391724
0.0
0
0.0
1
1.0
17
7
3
2
-1.0
18
8
1
2
3.0
0
0
0
0
0.0
1
0.002568661002442241
0.2764356136322021
-0.3419849872589111
0
0.0
0
0.0
0
3
1
2
-1.0
0
4
1
1
2.0
0
0
0
0
0.0
0
-6.24375679763034e-5
0.0
-0.3175807893276215
1
1.0
0
0.0
10
1
2
5
-1.0
11
1
1
5
2.0
0
0
0
0
0.0
0
-0.00362692610360682
-0.8105195760726929
0.2721863090991974
0
0.0
0
0.0
1
8
3
12
-1.0
1
11
3
6
2.0
0
0
0
0
0.0
0
-0.003463838947936893
0.0
-0.3951576948165894
1
1.0
0
0.0
2
10
8
2
-1.0
2
10
4
2
2.0
0
0
0
0
0.0
1
-0.0749301910400391
-0.5435386896133423
0.2610611915588379
0
0.0
0
0.0
6
12
3
3
-1.0
7
13
1
1
9.0
0
0
0
0
0.0
0
-0.009724725037813187
0.4112487137317657
0.0
0
0.0
1
1.0
6
11
3
4
-1.0
7
11
1
4
3.0
0
0
0
0
0.0
0
0.004545019939541817
-0.3157655000686646
0.3904697000980377
0
0.0
0
0.0
5
17
4
2
-1.0
6
17
2
2
2.0
0
0
0
0
0.0
0
-0.002735424088314176
-0.749067485332489
0.0
0
0.0
1
1.0
0
19
20
1
-1.0
10
19
10
1
2.0
0
0
0
0
0.0
0
-0.0169694703072309
-0.6243721842765808
0.1838738024234772
0
0.0
0
0.0
-2.090231895446777
5
11
8
5
-1.0
7
11
4
5
2.0
0
0
0
0
0.0
0
-0.0249786991626024
0.0
-0.6069788932800293
1
1.0
0
0.0
10
8
8
9
-1.0
10
11
8
3
3.0
0
0
0
0
0.0
0
-0.0580078698694706
0.7147802114486694
-0.2994323968887329
0
0.0
0
0.0
0
13
6
2
-1.0
2
13
2
2
3.0
0
0
0
0
0.0
0
-0.005175374913960695
0.0
-0.3529798984527588
1
1.0
0
0.0
18
14
2
1
-1.0
18
14
1
1
2.0
0
0
0
0
0.0
1
-0.0008961866260506213
0.5441746115684509
-0.3978995084762573
0
0.0
0
0.0
1
2
2
4
-1.0
2
2
1
4
2.0
0
0
0
0
0.0
0
-2.871813921956345e-5
0.0
-0.4889818131923676
1
1.0
0
0.0
5
5
8
5
-1.0
9
5
4
5
2.0
0
0
0
0
0.0
0
0.004762053024023771
-0.3114455938339233
0.467867910861969
0
0.0
0
0.0
7
13
5
4
-1.0
7
15
5
2
2.0
0
0
0
0
0.0
0
0.0197512805461884
-0.4302048981189728
0.0
0
0.0
1
1.0
17
18
3
2
-1.0
17
19
3
1
2.0
0
0
0
0
0.0
0
-0.001268360996618867
-0.5409085154533386
0.3979752063751221
0
0.0
0
0.0
0
2
1
2
-1.0
0
3
1
1
2.0
0
0
0
0
0.0
0
-4.574971899273805e-5
0.0
-0.4451893866062164
1
1.0
0
0.0
3
0
1
3
-1.0
2
1
1
1
3.0
0
0
0
0
0.0
1
0.00240905093960464
0.2882230877876282
-0.5451431274414062
0
0.0
0
0.0
10
11
3
4
-1.0
11
11
1
4
3.0
0
0
0
0
0.0
0
-0.004572866950184107
0.5503987073898315
0.0
0
0.0
1
1.0
14
11
4
8
-1.0
16
11
2
8
2.0
0
0
0
0
0.0
0
0.008901821449398994
-0.4159888923168182
0.174688994884491
0
0.0
0
0.0
2
2
9
6
-1.0
2
5
9
3
2.0
0
0
0
0
0.0
0
-0.1205644980072975
0.6889057755470276
0.0
0
0.0
1
1.0
0
4
17
8
-1.0
0
6
17
4
2.0
0
0
0
0
0.0
0
0.0469199307262897
-0.4226630926132202
0.1701094061136246
0
0.0
0
0.0
15
17
5
3
-1.0
15
18
5
1
3.0
0
0
0
0
0.0
0
-0.004239025991410017
-0.6304534077644348
0.0
0
0.0
1
1.0
2
11
2
8
-1.0
2
15
2
4
2.0
0
0
0
0
0.0
0
0.003217424964532256
-0.3609794974327087
0.249337300658226
0
0.0
0
0.0
3
12
3
3
-1.0
4
12
1
3
3.0
0
0
0
0
0.0
0
-0.0008573879022151232
0.3099347949028015
0.0
0
0.0
1
1.0
3
12
9
7
-1.0
6
12
3
7
3.0
0
0
0
0
0.0
0
-0.0184324495494366
0.097758449614048
-0.5074235200881958
0
0.0
0
0.0
13
1
4
7
-1.0
14
1
2
7
2.0
0
0
0
0
0.0
0
0.005869282875210047
0.0
-0.7455605864524841
1
1.0
0
0.0
3
16
2
2
-1.0
3
16
1
2
2.0
0
0
0
0
0.0
1
-0.006875169929116964
-0.674583911895752
0.1591881066560745
0
0.0
0
0.0
3
17
2
1
-1.0
3
17
1
1
2.0
0
0
0
0
0.0
1
-6.854222738184035e-5
0.0
-0.4127942025661469
1
1.0
0
0.0
4
9
6
6
-1.0
4
9
3
3
2.0
7
12
3
3
2.0
0
-0.010658579878509
0.370027095079422
-0.2173172980546951
0
0.0
0
0.0
11
13
3
1
-1.0
12
13
1
1
3.0
0
0
0
0
0.0
0
-0.001881150994449854
0.579028308391571
0.0
0
0.0
1
1.0
0
0
20
3
-1.0
5
0
10
3
2.0
0
0
0
0
0.0
0
-0.0223091300576925
0.1972568035125732
-0.3247519135475159
0
0.0
0
0.0
0
0
1
2
-1.0
0
1
1
1
2.0
0
0
0
0
0.0
0
0.0006582657806575298
0.0
-0.6063023805618286
1
1.0
0
0.0
17
0
3
1
-1.0
18
1
1
1
3.0
0
0
0
0
0.0
1
-0.005078158807009459
-0.7712330222129822
0.1818612962961197
0
0.0
0
0.0
4
0
8
9
-1.0
4
3
8
3
3.0
0
0
0
0
0.0
0
0.0562150813639164
0.0
0.5056139826774597
1
1.0
0
0.0
6
0
6
4
-1.0
6
2
6
2
2.0
0
0
0
0
0.0
0
-0.0377205908298492
0.3605211079120636
-0.3274376094341278
0
0.0
0
0.0
18
0
2
1
-1.0
18
0
1
1
2.0
0
0
0
0
0.0
1
0.003948063123971224
0.0
-0.7578818202018738
1
1.0
0
0.0
14
2
6
1
-1.0
17
2
3
1
2.0
0
0
0
0
0.0
0
-0.002426967024803162
0.5207610130310059
-0.0610213615000248
0
0.0
0
0.0
-1.940731048583984
5
13
8
2
-1.0
7
13
4
2
2.0
0
0
0
0
0.0
0
-0.0169066991657019
0.0
-0.4750126898288727
1
1.0
0
0.0
15
12
3
8
-1.0
15
16
3
4
2.0
0
0
0
0
0.0
0
0.0253278408199549
-0.4401676058769226
0.60885351896286
0
0.0
0
0.0
5
10
8
3
-1.0
5
11
8
1
3.0
0
0
0
0
0.0
0
-0.0156633201986551
0.5710005164146423
0.0
0
0.0
1
1.0
5
0
11
9
-1.0
5
3
11
3
3.0
0
0
0
0
0.0
0
-0.1610189974308014
0.4098914861679077
-0.3814237117767334
0
0.0
0
0.0
18
14
2
2
-1.0
19
14
1
2
2.0
0
0
0
0
0.0
0
0.00016885380318854
-0.4795849025249481
0.0
0
0.0
1
1.0
1
3
9
8
-1.0
4
3
3
8
3.0
0
0
0
0
0.0
0
-0.003055236069485545
0.4285230040550232
-0.2825263142585754
0
0.0
0
0.0
3
6
2
3
-1.0
2
7
2
1
3.0
0
0
0
0
0.0
1
0.004804294090718031
0.0
-0.6865913867950439
1
1.0
0
0.0
3
6
2
3
-1.0
2
7
2
1
3.0
0
0
0
0
0.0
1
-0.005009251181036234
-0.5903354287147522
0.1973250061273575
0
0.0
0
0.0
17
7
1
12
-1.0
13
11
1
4
3.0
0
0
0
0
0.0
1
-0.0371195189654827
0.0
-0.43130961060524
1
1.0
0
0.0
0
0
1
15
-1.0
0
5
1
5
3.0
0
0
0
0
0.0
0
0.003785779932513833
0.3359619081020355
-0.374017208814621
0
0.0
0
0.0
6
9
6
3
-1.0
6
10
6
1
3.0
0
0
0
0
0.0
0
-0.0108698504045606
0.5484120845794678
0.0
0
0.0
1
1.0
3
18
3
2
-1.0
3
19
3
1
2.0
0
0
0
0
0.0
0
0.0004057754122186452
-0.5002269744873047
0.0514238588511944
0
0.0
0
0.0
16
17
4
3
-1.0
16
18
4
1
3.0
0
0
0
0
0.0
0
0.005020149052143097
0.0
-0.5901622772216797
1
1.0
0
0.0
10
17
4
3
-1.0
11
17
2
3
2.0
0
0
0
0
0.0
0
0.00256012100726366
0.1946980059146881
-0.6464836001396179
0
0.0
0
0.0
13
13
4
3
-1.0
14
13
2
3
2.0
0
0
0
0
0.0
0
-0.001239574979990721
0.0
-0.2776215970516205
1
1.0
0
0.0
4
15
3
2
-1.0
5
16
1
2
3.0
0
0
0
0
0.0
1
-0.005107575096189976
-0.6114916205406189
0.3525038957595825
0
0.0
0
0.0
0
4
2
2
-1.0
1
4
1
2
2.0
0
0
0
0
0.0
0
-6.485373887699097e-5
0.0
-0.3400886058807373
1
1.0
0
0.0
4
0
2
5
-1.0
5
0
1
5
2.0
0
0
0
0
0.0
0
0.002328281057998538
0.2713474929332733
-0.6691539883613586
0
0.0
0
0.0
1
9
3
8
-1.0
1
11
3
4
2.0
0
0
0
0
0.0
0
-0.001557111041620374
0.0
-0.4114424884319305
1
1.0
0
0.0
5
8
1
3
-1.0
4
9
1
1
3.0
0
0
0
0
0.0
1
0.002399221993982792
0.2593970000743866
-0.4038029909133911
0
0.0
0
0.0
4
13
2
1
-1.0
5
13
1
1
2.0
0
0
0
0
0.0
0
0.0007778442231938243
0.0
0.2952392101287842
1
1.0
0
0.0
9
11
4
9
-1.0
11
11
2
9
2.0
0
0
0
0
0.0
0
0.00323341996409
-0.5843685269355774
-0.0179366394877434
0
0.0
0
0.0
0
1
1
2
-1.0
0
2
1
1
2.0
0
0
0
0
0.0
0
-5.611385859083384e-5
0.0
-0.3502165079116821
1
1.0
0
0.0
0
0
1
3
-1.0
0
1
1
1
3.0
0
0
0
0
0.0
0
0.001911100000143051
0.2631261050701141
-0.6154934763908386
0
0.0
0
0.0
12
11
1
4
-1.0
12
12
1
2
2.0
0
0
0
0
0.0
0
-0.003432115074247122
0.3749330043792725
0.0
0
0.0
1
1.0
16
10
3
3
-1.0
15
11
3
1
3.0
0
0
0
0
0.0
1
-0.0145419696345925
0.4378893077373505
-0.301316112279892
0
0.0
0
0.0
18
12
1
6
-1.0
18
12
1
3
2.0
0
0
0
0
0.0
1
-0.0250270701944828
-0.528297483921051
0.0
0
0.0
1
1.0
4
17
3
2
-1.0
5
17
1
2
3.0
0
0
0
0
0.0
0
-0.003118363907560706
-0.8133684992790222
0.1792842000722885
0
0.0
0
0.0
17
7
3
2
-1.0
18
8
1
2
3.0
0
0
0
0
0.0
1
0.002941520884633064
0.0
-0.4724305868148804
1
1.0
0
0.0
18
9
2
1
-1.0
18
9
1
1
2.0
0
0
0
0
0.0
1
-0.002480767900124192
-0.60058331489563
0.2149710953235626
0
0.0
0
0.0
8
11
4
5
-1.0
9
12
2
5
2.0
0
0
0
0
0.0
1
-0.004249883815646172
0.0
-0.3323060870170593
1
1.0
0
0.0
7
1
2
7
-1.0
8
1
1
7
2.0
0
0
0
0
0.0
0
0.007695932872593403
0.2124706953763962
-0.8196725249290466
0
0.0
0
0.0
4
4
14
6
-1.0
4
6
14
2
3.0
0
0
0
0
0.0
0
-0.0614260397851467
0.52200448513031
0.0
0
0.0
1
1.0
2
2
11
6
-1.0
2
5
11
3
2.0
0
0
0
0
0.0
0
0.0531767904758453
-0.2985176146030426
0.2865419089794159
0
0.0
0
0.0
18
16
2
2
-1.0
18
17
2
1
2.0
0
0
0
0
0.0
0
2.56957791862078e-5
-0.3471929132938385
0.0
0
0.0
1
1.0
17
11
2
6
-1.0
18
11
1
6
2.0
0
0
0
0
0.0
0
0.002431197091937065
-0.1213349029421806
0.3896535038948059
0
0.0
0
0.0
17
0
3
3
-1.0
18
1
1
3
3.0
0
0
0
0
0.0
1
0.005695628933608532
0.0
-0.6636403203010559
1
1.0
0
0.0
18
0
2
6
-1.0
18
3
2
3
2.0
0
0
0
0
0.0
0
-0.0006663022795692086
0.2792190909385681
-0.2162484973669052
0
0.0
0
0.0
-2.1061589717865
4
7
6
8
-1.0
4
7
3
4
2.0
7
11
3
4
2.0
0
-0.0285095497965813
0.0
-0.551332414150238
1
1.0
0
0.0
11
11
4
2
-1.0
11
11
2
2
2.0
0
0
0
0
0.0
1
-0.0164291094988585
0.6032876968383789
-0.3000960052013397
0
0.0
0
0.0
0
0
6
7
-1.0
3
0
3
7
2.0
0
0
0
0
0.0
0
-0.005807895213365555
0.0
-0.4864051938056946
1
1.0
0
0.0
15
10
5
8
-1.0
15
12
5
4
2.0
0
0
0
0
0.0
0
-0.0146703496575356
0.4478665888309479
-0.3544836044311523
0
0.0
0
0.0
2
10
3
8
-1.0
3
10
1
8
3.0
0
0
0
0
0.0
0
-0.001069445977918804
0.0
-0.3859311938285828
1
1.0
0
0.0
9
7
6
6
-1.0
7
9
6
2
3.0
0
0
0
0
0.0
1
-0.0506975390017033
0.4386560022830963
-0.3113405108451843
0
0.0
0
0.0
4
1
6
6
-1.0
4
4
6
3
2.0
0
0
0
0
0.0
0
-0.0723180174827576
0.5569549202919006
0.0
0
0.0
1
1.0
4
0
16
2
-1.0
4
1
16
1
2.0
0
0
0
0
0.0
0
-0.0167407598346472
0.340369313955307
-0.3771306872367859
0
0.0
0
0.0
14
8
6
6
-1.0
14
8
3
3
2.0
17
11
3
3
2.0
0
0.0129232602193952
0.0
0.2698718011379242
1
1.0
0
0.0
4
12
2
8
-1.0
4
12
1
4
2.0
5
16
1
4
2.0
0
-0.002083298983052373
0.0722172632813454
-0.5061725974082947
0
0.0
0
0.0
0
18
7
2
-1.0
0
19
7
1
2.0
0
0
0
0
0.0
0
0.0002921753912232816
-0.4719946980476379
0.0
0
0.0
1
1.0
9
13
1
4
-1.0
9
15
1
2
2.0
0
0
0
0
0.0
0
0.004647744819521904
-0.2023364007472992
0.3668462038040161
0
0.0
0
0.0
18
10
2
8
-1.0
19
10
1
8
2.0
0
0
0
0
0.0
0
0.001635532011277974
-0.3336915075778961
0.0
0
0.0
1
1.0
6
0
4
8
-1.0
7
0
2
8
2.0
0
0
0
0
0.0
0
0.006014306098222733
0.263353705406189
-0.7531512975692749
0
0.0
0
0.0
1
2
6
6
-1.0
3
2
2
6
3.0
0
0
0
0
0.0
0
-0.0197680406272411
-0.7339664101600647
0.0
0
0.0
1
1.0
10
10
8
2
-1.0
10
10
4
1
2.0
14
11
4
1
2.0
0
0.005099580157548189
-0.1062633022665977
0.3787747919559479
0
0.0
0
0.0
3
9
2
3
-1.0
2
10
2
1
3.0
0
0
0
0
0.0
1
0.002173732034862041
0.0
-0.4587362110614777
1
1.0
0
0.0
5
1
13
6
-1.0
5
3
13
2
3.0
0
0
0
0
0.0
0
0.0236210599541664
-0.0373419895768166
0.5031296014785767
0
0.0
0
0.0
4
4
13
6
-1.0
4
6
13
2
3.0
0
0
0
0
0.0
0
0.0470704399049282
0.0
0.3915967047214508
1
1.0
0
0.0
8
1
4
5
-1.0
8
1
2
5
2.0
0
0
0
0
0.0
1
0.0484291613101959
-0.2750763893127441
0.3692345023155212
0
0.0
0
0.0
7
7
2
1
-1.0
8
7
1
1
2.0
0
0
0
0
0.0
0
7.176325743785128e-5
-0.261337012052536
0.0
0
0.0
1
1.0
5
5
4
4
-1.0
6
5
2
4
2.0
0
0
0
0
0.0
0
-0.004003151785582304
-0.4611847996711731
0.3410157859325409
0
0.0
0
0.0
14
12
4
2
-1.0
14
12
2
1
2.0
16
13
2
1
2.0
0
0.002553629921749234
0.0
0.4423784911632538
1
1.0
0
0.0
13
11
4
2
-1.0
13
11
2
1
2.0
15
12
2
1
2.0
0
-0.002572089899331331
0.4306653141975403
-0.2836068868637085
0
0.0
0
0.0
16
10
4
3
-1.0
16
11
4
1
3.0
0
0
0
0
0.0
0
0.008751221001148224
0.0
-0.7764763236045837
1
1.0
0
0.0
10
0
4
5
-1.0
11
0
2
5
2.0
0
0
0
0
0.0
0
0.005734691862016916
0.1455115973949432
-0.7507416009902954
0
0.0
0
0.0
8
11
1
3
-1.0
7
12
1
1
3.0
0
0
0
0
0.0
1
-0.006643883883953094
0.4035055041313171
0.0
0
0.0
1
1.0
6
12
3
2
-1.0
7
12
1
2
3.0
0
0
0
0
0.0
0
-0.003459070110693574
0.2876971960067749
-0.2802160084247589
0
0.0
0
0.0
17
8
2
3
-1.0
17
8
1
3
2.0
0
0
0
0
0.0
1
0.009974246844649315
0.0
-0.6067702174186707
1
1.0
0
0.0
11
0
6
5
-1.0
13
0
2
5
3.0
0
0
0
0
0.0
0
0.0132336597889662
0.1547808051109314
-0.7075914740562439
0
0.0
0
0.0
0
0
3
3
-1.0
0
1
3
1
3.0
0
0
0
0
0.0
0
-0.005027131177484989
-0.7389777898788452
0.0
0
0.0
1
1.0
2
0
1
2
-1.0
2
1
1
1
2.0
0
0
0
0
0.0
0
-0.0001209210022352636
0.2347300052642822
-0.2440057992935181
0
0.0
0
0.0
13
11
7
2
-1.0
13
12
7
1
2.0
0
0
0
0
0.0
0
-0.00128814997151494
0.0
-0.28901669383049
1
1.0
0
0.0
17
8
3
3
-1.0
18
9
1
3
3.0
0
0
0
0
0.0
1
0.006285485811531544
0.2810086905956268
-0.5693385004997253
0
0.0
0
0.0
15
15
1
3
-1.0
14
16
1
1
3.0
0
0
0
0
0.0
1
0.005692936014384031
0.0
-0.7845693230628967
1
1.0
0
0.0
6
13
6
2
-1.0
8
13
2
2
3.0
0
0
0
0
0.0
0
-0.005388086196035147
0.2620132863521576
-0.2223203033208847
0
0.0
0
0.0
8
10
3
4
-1.0
9
10
1
4
3.0
0
0
0
0
0.0
0
0.004820581991225481
0.0
0.567959725856781
1
1.0
0
0.0
7
0
12
19
-1.0
13
0
6
19
2.0
0
0
0
0
0.0
0
0.342791885137558
-0.1831423044204712
0.5410807132720947
0
0.0
0
0.0
12
16
8
4
-1.0
12
18
8
2
2.0
0
0
0
0
0.0
0
0.005137091968208551
-0.3911676108837128
0.0
0
0.0
1
1.0
8
5
12
2
-1.0
14
5
6
2
2.0
0
0
0
0
0.0
0
-0.009128522127866745
0.5307633876800537
-0.0300193093717098
0
0.0
0
0.0
-2.005157947540283
10
8
6
4
-1.0
12
10
2
4
3.0
0
0
0
0
0.0
1
-0.0513861291110516
0.0
-0.5314878225326538
1
1.0
0
0.0
4
11
3
4
-1.0
4
13
3
2
2.0
0
0
0
0
0.0
0
0.005185083951801062
-0.2474454045295715
0.6118162274360657
0
0.0
0
0.0
0
2
12
7
-1.0
3
2
6
7
2.0
0
0
0
0
0.0
0
-0.0152594000101089
0.0
-0.4330362975597382
1
1.0
0
0.0
8
0
4
2
-1.0
8
0
2
2
2.0
0
0
0
0
0.0
1
0.0259951502084732
0.0439799018204212
0.7382913827896118
0
0.0
0
0.0
13
11
6
6
-1.0
15
13
2
2
9.0
0
0
0
0
0.0
0
-0.0323123708367348
0.0
-0.3960975110530853
1
1.0
0
0.0
7
11
10
4
-1.0
12
11
5
4
2.0
0
0
0
0
0.0
0
0.0137007003650069
-0.2764388024806976
0.4253535866737366
0
0.0
0
0.0
1
11
4
5
-1.0
2
11
2
5
2.0
0
0
0
0
0.0
0
-0.00226478697732091
0.0
-0.3200556933879852
1
1.0
0
0.0
2
14
4
2
-1.0
3
15
2
2
2.0
0
0
0
0
0.0
1
-0.0068290620110929
-0.5168297290802002
0.3697570860385895
0
0.0
0
0.0
0
0
1
6
-1.0
0
3
1
3
2.0
0
0
0
0
0.0
0
-0.002248154953122139
0.0
-0.3624435067176819
1
1.0
0
0.0
6
2
6
6
-1.0
6
5
6
3
2.0
0
0
0
0
0.0
0
0.0459445491433144
-0.001318730995990336
0.6321768164634705
0
0.0
0
0.0
6
18
4
2
-1.0
7
18
2
2
2.0
0
0
0
0
0.0
0
0.001875562011264265
0.0
-0.7140339016914368
1
1.0
0
0.0
6
18
4
2
-1.0
7
18
2
2
2.0
0
0
0
0
0.0
0
-0.001970055978745222
-0.5873066186904907
0.1759281009435654
0
0.0
0
0.0
4
4
7
4
-1.0
3
5
7
2
2.0
0
0
0
0
0.0
1
-0.006572138983756304
0.0
-0.363475114107132
1
1.0
0
0.0
5
8
8
12
-1.0
7
8
4
12
2.0
0
0
0
0
0.0
0
-0.01174618024379
0.3144079148769379
-0.4011111855506897
0
0.0
0
0.0
5
17
2
1
-1.0
5
17
1
1
2.0
0
0
0
0
0.0
1
-0.0001649412006372586
0.0
-0.3779259026050568
1
1.0
0
0.0
4
18
2
1
-1.0
5
18
1
1
2.0
0
0
0
0
0.0
0
-7.216940866783261e-5
0.5279111266136169
-0.1079031974077225
0
0.0
0
0.0
13
16
7
2
-1.0
13
17
7
1
2.0
0
0
0
0
0.0
0
0.000196976398001425
-0.4709764122962952
0.0
0
0.0
1
1.0
7
15
2
3
-1.0
7
15
1
3
2.0
0
0
0
0
0.0
1
-0.011423509567976
-0.8520929217338562
0.1766286939382553
0
0.0
0
0.0
9
2
4
5
-1.0
10
2
2
5
2.0
0
0
0
0
0.0
0
-0.004556222818791866
-0.8060116171836853
0.0
0
0.0
1
1.0
7
2
4
6
-1.0
8
2
2
6
2.0
0
0
0
0
0.0
0
-0.004472019150853157
-0.6150020956993103
0.1290830969810486
0
0.0
0
0.0
3
12
3
3
-1.0
4
12
1
3
3.0
0
0
0
0
0.0
0
-0.001776541001163423
0.3138259947299957
0.0
0
0.0
1
1.0
5
12
3
3
-1.0
6
13
1
1
9.0
0
0
0
0
0.0
0
-0.007879927754402161
0.3039462864398956
-0.3720492124557495
0
0.0
0
0.0
4
12
3
2
-1.0
5
12
1
2
3.0
0
0
0
0
0.0
0
-0.001428468967787921
0.5041303038597107
0.0
0
0.0
1
1.0
10
13
3
1
-1.0
11
13
1
1
3.0
0
0
0
0
0.0
0
-0.001893991022370756
0.3482376039028168
-0.2367382049560547
0
0.0
0
0.0
11
5
4
3
-1.0
12
5
2
3
2.0
0
0
0
0
0.0
0
-0.003149664029479027
-0.6681237816810608
0.0
0
0.0
1
1.0
19
7
1
10
-1.0
19
12
1
5
2.0
0
0
0
0
0.0
0
-0.0107161197811365
-0.4851551949977875
0.190364196896553
0
0.0
0
0.0
4
8
2
3
-1.0
3
9
2
1
3.0
0
0
0
0
0.0
1
-0.006803353782743216
-0.5697926878929138
0.0
0
0.0
1
1.0
7
0
6
5
-1.0
9
0
2
5
3.0
0
0
0
0
0.0
0
0.0149023197591305
0.1309825032949448
-0.7144827246665955
0
0.0
0
0.0
5
0
6
2
-1.0
5
0
3
2
2.0
0
0
0
0
0.0
1
-0.0341702289879322
0.5057513117790222
0.0
0
0.0
1
1.0
5
0
13
9
-1.0
5
3
13
3
3.0
0
0
0
0
0.0
0
-0.1477925032377243
0.2823326885700226
-0.2720532119274139
0
0.0
0
0.0
0
6
1
2
-1.0
0
7
1
1
2.0
0
0
0
0
0.0
0
-5.584281097981147e-5
0.0
-0.2693673074245453
1
1.0
0
0.0
1
0
16
6
-1.0
1
2
16
2
3.0
0
0
0
0
0.0
0
0.0398850813508034
0.005669612903147936
0.6397516131401062
0
0.0
0
0.0
18
0
2
4
-1.0
18
0
1
4
2.0
0
0
0
0
0.0
1
0.0124831302091479
0.0
-0.7453374266624451
1
1.0
0
0.0
4
13
2
2
-1.0
4
13
1
1
2.0
5
14
1
1
2.0
0
-0.00032864511013031
0.3644962012767792
-0.0964988172054291
0
0.0
0
0.0
0
3
4
1
-1.0
2
3
2
1
2.0
0
0
0
0
0.0
0
-0.0001471046998631209
0.14060440659523
0.0
0
0.0
1
1.0
3
0
8
12
-1.0
3
6
8
6
2.0
0
0
0
0
0.0
0
-0.2781434059143066
0.5700283050537109
-0.4875547885894775
0
0.0
0
0.0
12
13
4
1
-1.0
13
13
2
1
2.0
0
0
0
0
0.0
0
-0.001345264026895165
0.3925583064556122
0.0
0
0.0
1
1.0
12
12
2
2
-1.0
12
12
1
1
2.0
13
13
1
1
2.0
0
0.0009150084224529564
-0.3021517097949982
0.3669803142547607
0
0.0
0
0.0
5
16
3
1
-1.0
6
17
1
1
3.0
0
0
0
0
0.0
1
-0.003413314931094646
-0.6408581733703613
0.0
0
0.0
1
1.0
3
13
8
4
-1.0
3
13
4
2
2.0
7
15
4
2
2.0
0
0.005116900894790888
-0.2305258065462112
0.2428591996431351
0
0.0
0
0.0
0
8
18
3
-1.0
6
9
6
1
9.0
0
0
0
0
0.0
0
0.0888466984033585
0.0
0.4538188874721527
1
1.0
0
0.0
8
4
6
5
-1.0
11
4
3
5
2.0
0
0
0
0
0.0
0
0.006108082830905914
-0.3588008880615234
0.1320938020944595
0
0.0
0
0.0
-2.112198114395142
5
14
9
1
-1.0
8
14
3
1
3.0
0
0
0
0
0.0
0
-0.015930000692606
0.0
-0.3524534106254578
1
1.0
0
0.0
4
0
4
4
-1.0
4
0
2
4
2.0
0
0
0
0
0.0
1
0.0274074506014585
-0.0602367892861366
0.7271584868431091
0
0.0
0
0.0
7
9
12
8
-1.0
7
11
12
4
2.0
0
0
0
0
0.0
0
-0.0850376784801483
0.0
-0.4357671141624451
1
1.0
0
0.0
18
15
2
1
-1.0
18
15
1
1
2.0
0
0
0
0
0.0
1
-0.001150891999714077
0.4647167921066284
-0.3589689135551453
0
0.0
0
0.0
3
13
2
4
-1.0
3
13
1
2
2.0
4
15
1
2
2.0
0
-0.0006459929863922298
0.0
-0.3137106001377106
1
1.0
0
0.0
4
7
3
3
-1.0
3
8
3
1
3.0
0
0
0
0
0.0
1
0.005549580790102482
0.4122591912746429
-0.494004487991333
0
0.0
0
0.0
0
1
2
7
-1.0
1
1
1
7
2.0
0
0
0
0
0.0
0
-0.001147215021774173
0.0
-0.3919258117675781
1
1.0
0
0.0
4
0
3
9
-1.0
5
0
1
9
3.0
0
0
0
0
0.0
0
-0.006454681046307087
-0.6919782757759094
0.2610394060611725
0
0.0
0
0.0
15
10
3
3
-1.0
14
11
3
1
3.0
0
0
0
0
0.0
1
-0.0114142503589392
0.3236142098903656
0.0
0
0.0
1
1.0
12
11
2
2
-1.0
12
11
1
1
2.0
13
12
1
1
2.0
0
0.001158257946372032
-0.3830499947071075
0.2801598012447357
0
0.0
0
0.0
0
0
1
4
-1.0
0
2
1
2
2.0
0
0
0
0
0.0
0
-0.0006107729277573526
0.0
-0.3747107982635498
1
1.0
0
0.0
12
18
8
2
-1.0
12
19
8
1
2.0
0
0
0
0
0.0
0
0.001181278028525412
-0.1768521964550018
0.35498109459877
0
0.0
0
0.0
17
9
2
2
-1.0
17
9
1
2
2.0
0
0
0
0
0.0
1
0.007911723107099533
0.0
-0.6968191862106323
1
1.0
0
0.0
16
10
4
2
-1.0
17
11
2
2
2.0
0
0
0
0
0.0
1
-9.090492676477879e-5
0.2075673937797546
-0.4428209066390991
0
0.0
0
0.0
7
13
10
1
-1.0
12
13
5
1
2.0
0
0
0
0
0.0
0
0.002863896079361439
-0.4136478900909424
0.0
0
0.0
1
1.0
7
7
4
3
-1.0
9
7
2
3
2.0
0
0
0
0
0.0
0
0.001276999013498425
-0.2115702033042908
0.3191956877708435
0
0.0
0
0.0
9
18
6
2
-1.0
11
18
2
2
3.0
0
0
0
0
0.0
0
-0.007544085849076509
-0.7549569010734558
0.0
0
0.0
1
1.0
8
18
6
2
-1.0
10
18
2
2
3.0
0
0
0
0
0.0
0
0.00544672692194581
0.1322987973690033
-0.6769589185714722
0
0.0
0
0.0
17
9
3
1
-1.0
18
10
1
1
3.0
0
0
0
0
0.0
1
0.001364183030091226
0.0
-0.4216814935207367
1
1.0
0
0.0
17
7
2
11
-1.0
18
7
1
11
2.0
0
0
0
0
0.0
0
0.0138107798993587
0.1571936011314392
-0.67965167760849
0
0.0
0
0.0
8
2
4
4
-1.0
8
2
2
4
2.0
0
0
0
0
0.0
1
0.0502656400203705
0.0
0.7436913847923279
1
1.0
0
0.0
6
6
2
3
-1.0
7
6
1
3
2.0
0
0
0
0
0.0
0
4.776511923409998e-5
-0.381023496389389
0.106053501367569
0
0.0
0
0.0
7
0
9
5
-1.0
10
3
3
5
3.0
0
0
0
0
0.0
1
0.1466668993234634
0.0
0.5340983271598816
1
1.0
0
0.0
1
0
15
9
-1.0
6
3
5
3
9.0
0
0
0
0
0.0
0
-0.3042683005332947
0.3778361082077026
-0.2153462022542953
0
0.0
0
0.0
2
12
4
3
-1.0
3
12
2
3
2.0
0
0
0
0
0.0
0
-0.00322447088547051
0.2827424108982086
0.0
0
0.0
1
1.0
0
12
4
5
-1.0
1
12
2
5
2.0
0
0
0
0
0.0
0
-0.001718719024211168
0.1067710965871811
-0.4420411884784698
0
0.0
0
0.0
3
2
2
3
-1.0
2
3
2
1
3.0
0
0
0
0
0.0
1
-0.008411570452153683
-0.8355705142021179
0.0
0
0.0
1
1.0
4
13
6
1
-1.0
4
13
3
1
2.0
0
0
0
0
0.0
1
-0.023220919072628
-0.5193390846252441
0.1318164020776749
0
0.0
0
0.0
5
0
4
6
-1.0
6
0
2
6
2.0
0
0
0
0
0.0
0
-0.00639122212305665
-0.6855232119560242
0.0
0
0.0
1
1.0
2
17
2
1
-1.0
2
17
1
1
2.0
0
0
0
0
0.0
1
-0.0003066154022235423
0.2219285070896149
-0.2394503057003021
0
0.0
0
0.0
4
9
1
3
-1.0
3
10
1
1
3.0
0
0
0
0
0.0
1
0.001874275039881468
0.0
-0.4721843898296356
1
1.0
0
0.0
0
2
6
9
-1.0
2
2
2
9
3.0
0
0
0
0
0.0
0
-0.0282995402812958
-0.6818671822547913
0.1592379063367844
0
0.0
0
0.0
16
7
2
2
-1.0
16
7
1
2
2.0
0
0
0
0
0.0
1
0.00793524831533432
0.0
-0.7313578128814697
1
1.0
0
0.0
7
2
6
4
-1.0
9
2
2
4
3.0
0
0
0
0
0.0
0
-0.008759994059801102
-0.6001471877098083
0.1035033017396927
0
0.0
0
0.0
7
18
6
2
-1.0
9
18
2
2
3.0
0
0
0
0
0.0
0
-0.005542614962905645
-0.5936040878295898
0.0
0
0.0
1
1.0
1
14
6
4
-1.0
3
14
2
4
3.0
0
0
0
0
0.0
0
-0.001806629006750882
0.2553352117538452
-0.1703643947839737
0
0.0
0
0.0
6
8
7
3
-1.0
5
9
7
1
3.0
0
0
0
0
0.0
1
-0.008399380370974541
0.0
-0.2395361065864563
1
1.0
0
0.0
14
12
4
1
-1.0
15
13
2
1
2.0
0
0
0
0
0.0
1
-0.001951550017111003
0.3725241124629974
-0.129829004406929
0
0.0
0
0.0
4
12
3
2
-1.0
5
12
1
2
3.0
0
0
0
0
0.0
0
-0.002285013906657696
0.5022721290588379
0.0
0
0.0
1
1.0
5
12
3
3
-1.0
6
12
1
3
3.0
0
0
0
0
0.0
0
-0.006191081833094358
0.4455165863037109
-0.1630778014659882
0
0.0
0
0.0
18
2
2
2
-1.0
19
2
1
2
2.0
0
0
0
0
0.0
0
0.001165932044386864
0.0
0.348090797662735
1
1.0
0
0.0
14
0
6
1
-1.0
17
0
3
1
2.0
0
0
0
0
0.0
0
-0.002101677935570478
0.3153137862682343
-0.3471026122570038
0
0.0
0
0.0
17
0
3
3
-1.0
18
1
1
3
3.0
0
0
0
0
0.0
1
-0.009161592461168766
-0.6862319707870483
0.0
0
0.0
1
1.0
11
4
6
8
-1.0
13
4
2
8
3.0
0
0
0
0
0.0
0
-0.0200365409255028
-0.68991881608963
0.1296222060918808
0
0.0
0
0.0
7
12
3
2
-1.0
8
12
1
2
3.0
0
0
0
0
0.0
0
0.002714844886213541
0.0
0.4774574041366577
1
1.0
0
0.0
16
0
3
2
-1.0
16
1
3
1
2.0
0
0
0
0
0.0
0
0.0022834159899503
-0.0133445700630546
-0.6179587841033936
0
0.0
0
0.0
-1.870159029960632
5
11
9
4
-1.0
8
11
3
4
3.0
0
0
0
0
0.0
0
-0.0328384712338448
0.0
-0.5198407173156738
1
1.0
0
0.0
12
9
1
6
-1.0
12
11
1
2
3.0
0
0
0
0
0.0
0
-0.007569640874862671
0.6369025111198425
-0.1156217008829117
0
0.0
0
0.0
4
0
4
4
-1.0
4
0
2
4
2.0
0
0
0
0
0.0
1
0.0541258715093136
0.0
0.5034024715423584
1
1.0
0
0.0
5
1
11
12
-1.0
5
5
11
4
3.0
0
0
0
0
0.0
0
0.2700459957122803
-0.3464067876338959
0.3765150904655457
0
0.0
0
0.0
16
12
4
8
-1.0
18
12
2
8
2.0
0
0
0
0
0.0
0
0.007026141043752432
-0.4104644060134888
0.0
0
0.0
1
1.0
18
14
2
6
-1.0
18
17
2
3
2.0
0
0
0
0
0.0
0
0.003124566050246358
-0.4138219058513641
0.3755074143409729
0
0.0
0
0.0
1
12
4
4
-1.0
2
12
2
4
2.0
0
0
0
0
0.0
0
-0.001870854990556836
0.0
-0.37827330827713
1
1.0
0
0.0
6
7
6
4
-1.0
5
8
6
2
2.0
0
0
0
0
0.0
1
-0.0149690099060535
0.3994168043136597
-0.2225451022386551
0
0.0
0
0.0
5
15
3
2
-1.0
6
16
1
2
3.0
0
0
0
0
0.0
1
0.00341364205814898
0.0
-0.5466756820678711
1
1.0
0
0.0
6
16
3
1
-1.0
7
17
1
1
3.0
0
0
0
0
0.0
1
0.002345426008105278
0.1661884039640427
-0.6320394277572632
0
0.0
0
0.0
10
14
1
2
-1.0
10
14
1
1
2.0
0
0
0
0
0.0
1
-0.001168909948319197
0.0
-0.4497218132019043
1
1.0
0
0.0
4
7
3
3
-1.0
3
8
3
1
3.0
0
0
0
0
0.0
1
-0.00782069843262434
-0.5716611742973328
0.1859999001026154
0
0.0
0
0.0
2
0
6
8
-1.0
4
0
2
8
3.0
0
0
0
0
0.0
0
-0.0263242591172457
-0.7804111242294312
0.0
0
0.0
1
1.0
2
5
6
3
-1.0
4
5
2
3
3.0
0
0
0
0
0.0
0
-0.0009164754883386195
0.2310009002685547
-0.2122412025928497
0
0.0
0
0.0
3
11
3
6
-1.0
4
11
1
6
3.0
0
0
0
0
0.0
0
-0.00237029604613781
0.2730421125888824
0.0
0
0.0
1
1.0
15
11
2
3
-1.0
14
12
2
1
3.0
0
0
0
0
0.0
1
-0.009287482127547264
0.2320079952478409
-0.3460255861282349
0
0.0
0
0.0
11
17
4
3
-1.0
12
17
2
3
2.0
0
0
0
0
0.0
0
0.002922106068581343
0.0
-0.6997262835502625
1
1.0
0
0.0
13
11
2
2
-1.0
13
11
1
1
2.0
14
12
1
1
2.0
0
-0.001409788965247571
0.4801935851573944
-0.0426502004265785
0
0.0
0
0.0
13
11
2
2
-1.0
13
11
1
1
2.0
14
12
1
1
2.0
0
0.0009332654881291091
0.0
0.3770847916603088
1
1.0
0
0.0
8
2
5
6
-1.0
8
5
5
3
2.0
0
0
0
0
0.0
0
-0.0568373091518879
0.4637516140937805
-0.2044157981872559
0
0.0
0
0.0
0
0
1
2
-1.0
0
1
1
1
2.0
0
0
0
0
0.0
0
-9.140576003119349e-5
0.0
-0.2944777011871338
1
1.0
0
0.0
0
8
10
4
-1.0
0
10
10
2
2.0
0
0
0
0
0.0
0
-0.0111477700993419
0.3657920062541962
-0.1610623002052307
0
0.0
0
0.0
17
11
3
1
-1.0
18
12
1
1
3.0
0
0
0
0
0.0
1
0.0008075964287854731
0.0
-0.387699693441391
1
1.0
0
0.0
7
18
2
2
-1.0
8
18
1
2
2.0
0
0
0
0
0.0
0
0.001721558975987136
0.1779005974531174
-0.5967379212379456
0
0.0
0
0.0
0
6
18
4
-1.0
9
6
9
4
2.0
0
0
0
0
0.0
0
0.0143056400120258
-0.2888791859149933
0.0
0
0.0
1
1.0
2
12
12
8
-1.0
6
12
4
8
3.0
0
0
0
0
0.0
0
-0.0388850085437298
0.3649722933769226
-0.1376271992921829
0
0.0
0
0.0
1
0
14
1
-1.0
8
0
7
1
2.0
0
0
0
0
0.0
0
-0.003447928000241518
0.1811084002256393
0.0
0
0.0
1
1.0
8
0
12
19
-1.0
14
0
6
19
2.0
0
0
0
0
0.0
0
0.301681786775589
-0.3542549014091492
0.4295836091041565
0
0.0
0
0.0
7
12
3
2
-1.0
8
12
1
2
3.0
0
0
0
0
0.0
0
0.002858238993212581
0.0
0.5295780897140503
1
1.0
0
0.0
8
11
3
5
-1.0
9
11
1
5
3.0
0
0
0
0
0.0
0
0.001409132033586502
-0.21234430372715
0.3142850995063782
0
0.0
0
0.0
7
18
3
2
-1.0
8
18
1
2
3.0
0
0
0
0
0.0
0
-0.001659707981161773
-0.6334841847419739
0.0
0
0.0
1
1.0
5
13
2
2
-1.0
5
13
1
1
2.0
6
14
1
1
2.0
0
0.0008780438220128417
-0.055315300822258
0.3938995897769928
0
0.0
0
0.0
16
9
3
1
-1.0
17
10
1
1
3.0
0
0
0
0
0.0
1
0.002021180000156164
0.0
-0.4712730944156647
1
1.0
0
0.0
18
0
2
3
-1.0
18
0
1
3
2.0
0
0
0
0
0.0
1
-0.006840987130999565
-0.6406552791595459
0.1486144065856934
0
0.0
0
0.0
4
2
15
6
-1.0
4
4
15
2
3.0
0
0
0
0
0.0
0
0.0472007617354393
0.0
0.4121640920639038
1
1.0
0
0.0
10
0
10
4
-1.0
10
0
5
2
2.0
15
2
5
2
2.0
0
0.004968408029526472
-0.3240430057048798
0.1575596034526825
0
0.0
0
0.0
5
0
12
6
-1.0
5
2
12
2
3.0
0
0
0
0
0.0
0
0.0375299118459225
0.0
0.4132845997810364
1
1.0
0
0.0
12
1
8
6
-1.0
12
1
4
3
2.0
16
4
4
3
2.0
0
-0.0116650899872184
0.2546750009059906
-0.3130356073379517
0
0.0
0
0.0
0
3
2
1
-1.0
1
3
1
1
2.0
0
0
0
0
0.0
0
-6.829825724707916e-5
0.0
-0.2721207141876221
1
1.0
0
0.0
16
7
2
4
-1.0
16
7
1
4
2.0
0
0
0
0
0.0
1
0.0153254298493266
0.2294660955667496
-0.6734570860862732
0
0.0
0
0.0
15
17
5
3
-1.0
15
18
5
1
3.0
0
0
0
0
0.0
0
0.008518589660525322
0.0
-0.7111467123031616
1
1.0
0
0.0
6
12
6
8
-1.0
8
12
2
8
3.0
0
0
0
0
0.0
0
-0.002682847902178764
0.155117005109787
-0.3544489145278931
0
0.0
0
0.0
5
12
2
2
-1.0
6
12
1
2
2.0
0
0
0
0
0.0
0
0.0013791749952361
0.0
0.3691627085208893
1
1.0
0
0.0
13
12
4
6
-1.0
14
12
2
6
2.0
0
0
0
0
0.0
0
-3.396836837055162e-5
0.05915093049407
-0.4600771963596344
0
0.0
0
0.0
17
0
3
4
-1.0
18
1
1
4
3.0
0
0
0
0
0.0
1
0.005825935862958431
0.0
-0.5498669743537903
1
1.0
0
0.0
4
0
4
10
-1.0
5
0
2
10
2.0
0
0
0
0
0.0
0
-0.008168869651854038
-0.5056741237640381
0.1518967002630234
0
0.0
0
0.0
5
12
3
3
-1.0
6
12
1
3
3.0
0
0
0
0
0.0
0
-0.002325119916349649
0.3490481078624725
0.0
0
0.0
1
1.0
11
12
3
3
-1.0
12
12
1
3
3.0
0
0
0
0
0.0
0
-0.004866920877248049
0.531385600566864
-0.214134693145752
0
0.0
0
0.0
3
2
1
3
-1.0
2
3
1
1
3.0
0
0
0
0
0.0
1
0.0043380381539464
0.0
-0.7824826240539551
1
1.0
0
0.0
2
1
8
1
-1.0
4
1
4
1
2.0
0
0
0
0
0.0
0
0.0034176679328084
0.1246078982949257
-0.5529775023460388
0
0.0
0
0.0
0
3
18
12
-1.0
6
7
6
4
9.0
0
0
0
0
0.0
0
0.5530973076820374
0.0
0.4657307863235474
1
1.0
0
0.0
12
18
6
2
-1.0
15
18
3
2
2.0
0
0
0
0
0.0
0
0.002363638952374458
-0.3330905139446259
0.09438005089759829
0
0.0
0
0.0
-1.980785965919495
11
9
4
7
-1.0
12
10
2
7
2.0
0
0
0
0
0.0
1
-0.0229342803359032
0.0
-0.4471629858016968
1
1.0
0
0.0
15
8
3
12
-1.0
16
12
1
4
9.0
0
0
0
0
0.0
0
-0.0426658503711224
0.5408589839935303
-0.3358927965164185
0
0.0
0
0.0
6
10
7
3
-1.0
6
11
7
1
3.0
0
0
0
0
0.0
0
-0.009841838851571083
0.3995800018310547
0.0
0
0.0
1
1.0
4
9
10
3
-1.0
4
10
10
1
3.0
0
0
0
0
0.0
0
-0.0119323497638106
0.3421911895275116
-0.424169510602951
0
0.0
0
0.0
0
1
15
7
-1.0
5
1
5
7
3.0
0
0
0
0
0.0
0
-0.0244370102882385
0.0
-0.3733735978603363
1
1.0
0
0.0
0
0
1
18
-1.0
0
6
1
6
3.0
0
0
0
0
0.0
0
-0.004998716991394758
0.403583288192749
-0.3519937098026276
0
0.0
0
0.0
9
13
2
4
-1.0
8
14
2
2
2.0
0
0
0
0
0.0
1
0.00185829505790025
-0.4415811896324158
0.0
0
0.0
1
1.0
16
16
4
4
-1.0
16
18
4
2
2.0
0
0
0
0
0.0
0
0.002754021901637316
-0.2872293889522552
0.3385724127292633
0
0.0
0
0.0
1
10
4
8
-1.0
2
10
2
8
2.0
0
0
0
0
0.0
0
-0.003445253008976579
0.0
-0.3182198107242584
1
1.0
0
0.0
2
15
3
2
-1.0
3
16
1
2
3.0
0
0
0
0
0.0
1
-0.00592774897813797
-0.6507351994514465
0.2710922062397003
0
0.0
0
0.0
2
17
2
1
-1.0
2
17
1
1
2.0
0
0
0
0
0.0
1
-0.0001239178964169696
0.0
-0.3346720039844513
1
1.0
0
0.0
18
10
2
8
-1.0
18
10
2
4
2.0
0
0
0
0
0.0
1
-0.0733271390199661
-0.5964624881744385
0.22861810028553
0
0.0
0
0.0
0
11
18
3
-1.0
6
12
6
1
9.0
0
0
0
0
0.0
0
-0.0839647501707077
0.0
-0.2252518981695175
1
1.0
0
0.0
15
10
4
2
-1.0
16
11
2
2
2.0
0
0
0
0
0.0
1
-0.0008164470782503486
0.38213649392128
-0.3341045081615448
0
0.0
0
0.0
9
1
5
4
-1.0
9
3
5
2
2.0
0
0
0
0
0.0
0
-0.0152077795937657
0.3074269890785217
0.0
0
0.0
1
1.0
6
1
7
6
-1.0
6
4
7
3
2.0
0
0
0
0
0.0
0
0.0468947887420654
-0.3883388936519623
0.2317751944065094
0
0.0
0
0.0
3
3
8
6
-1.0
3
6
8
3
2.0
0
0
0
0
0.0
0
-0.1039844006299973
0.7132114171981812
0.0
0
0.0
1
1.0
16
1
4
2
-1.0
18
1
2
2
2.0
0
0
0
0
0.0
0
0.00398153392598033
-0.2331019937992096
0.2924784123897552
0
0.0
0
0.0
18
12
2
3
-1.0
18
13
2
1
3.0
0
0
0
0
0.0
0
0.002573708072304726
0.0
-0.5501734018325806
1
1.0
0
0.0
17
6
2
8
-1.0
17
6
1
4
2.0
18
10
1
4
2.0
0
0.0009103529155254364
-0.1822893023490906
0.2837032079696655
0
0.0
0
0.0
17
5
3
4
-1.0
18
6
1
4
3.0
0
0
0
0
0.0
1
0.006421134807169437
0.0
-0.4858197867870331
1
1.0
0
0.0
0
9
4
8
-1.0
0
11
4
4
2.0
0
0
0
0
0.0
0
-0.005824381951242685
0.2460819035768509
-0.215650200843811
0
0.0
0
0.0
0
6
3
8
-1.0
0
10
3
4
2.0
0
0
0
0
0.0
0
-0.0400436297059059
-0.6388055086135864
0.0
0
0.0
1
1.0
14
11
2
2
-1.0
14
11
1
1
2.0
15
12
1
1
2.0
0
0.0008468342712149024
-0.060435589402914
0.4371112883090973
0
0.0
0
0.0
15
11
3
3
-1.0
14
12
3
1
3.0
0
0
0
0
0.0
1
0.0129645802080631
0.0
0.5949506163597107
1
1.0
0
0.0
14
12
5
2
-1.0
14
13
5
1
2.0
0
0
0
0
0.0
0
-0.0002252474951092154
0.0868314728140831
-0.3636232018470764
0
0.0
0
0.0
19
12
1
2
-1.0
19
13
1
1
2.0
0
0
0
0
0.0
0
-0.001725872978568077
-0.647077202796936
0.0
0
0.0
1
1.0
6
0
4
7
-1.0
7
0
2
7
2.0
0
0
0
0
0.0
0
-0.0072289421223104
-0.6877536773681641
0.1383872032165527
0
0.0
0
0.0
12
12
3
2
-1.0
12
13
3
1
2.0
0
0
0
0
0.0
0
0.002507925964891911
0.0
0.3065930902957916
1
1.0
0
0.0
12
13
4
2
-1.0
12
13
2
1
2.0
14
14
2
1
2.0
0
-0.001947356038726866
0.229677602648735
-0.3473764955997467
0
0.0
0
0.0
16
18
4
2
-1.0
16
19
4
1
2.0
0
0
0
0
0.0
0
0.007474711164832115
0.0
-0.6519178748130798
1
1.0
0
0.0
14
18
1
2
-1.0
14
19
1
1
2.0
0
0
0
0
0.0
0
0.0001032840009429492
-0.2072588950395584
0.2240213006734848
0
0.0
0
0.0
16
0
3
2
-1.0
17
1
1
2
3.0
0
0
0
0
0.0
1
-0.007899688556790352
-0.7247917056083679
0.0
0
0.0
1
1.0
16
0
4
2
-1.0
17
1
2
2
2.0
0
0
0
0
0.0
1
0.004283390939235687
0.1395497024059296
-0.4308606088161469
0
0.0
0
0.0
12
13
2
2
-1.0
12
13
1
1
2.0
13
14
1
1
2.0
0
0.0006345274159684777
0.0
0.2979263961315155
1
1.0
0
0.0
7
10
4
2
-1.0
7
10
2
2
2.0
0
0
0
0
0.0
1
-0.005496662110090256
-0.5620539188385
-0.0296081192791462
0
0.0
0
0.0
3
3
1
3
-1.0
2
4
1
1
3.0
0
0
0
0
0.0
1
0.003140869084745646
0.0
-0.6132214069366455
1
1.0
0
0.0
3
4
2
3
-1.0
2
5
2
1
3.0
0
0
0
0
0.0
1
-0.005044363904744387
-0.5306010246276855
0.1250745952129364
0
0.0
0
0.0
3
0
16
6
-1.0
3
2
16
2
3.0
0
0
0
0
0.0
0
0.0459648706018925
0.0
0.3818871974945068
1
1.0
0
0.0
12
2
2
5
-1.0
12
2
1
5
2.0
0
0
0
0
0.0
1
-0.00537496991455555
0.1408901065587997
-0.355356901884079
0
0.0
0
0.0
4
0
1
3
-1.0
3
1
1
1
3.0
0
0
0
0
0.0
1
0.002926205983385444
0.0
-0.6088665723800659
1
1.0
0
0.0
13
12
2
2
-1.0
13
12
1
1
2.0
14
13
1
1
2.0
0
0.0005223036860115826
-0.07144156843423841
0.3627525866031647
0
0.0
0
0.0
5
17
4
3
-1.0
6
17
2
3
2.0
0
0
0
0
0.0
0
-0.004418111871927977
-0.7645800709724426
0.0
0
0.0
1
1.0
17
13
3
3
-1.0
17
14
3
1
3.0
0
0
0
0
0.0
0
0.004334914963692427
0.1124641001224518
-0.5455384850502014
0
0.0
0
0.0
0
12
2
8
-1.0
0
12
1
4
2.0
1
16
1
4
2.0
0
0.002648301888257265
0.0
0.2354231029748917
1
1.0
0
0.0
4
16
1
3
-1.0
3
17
1
1
3.0
0
0
0
0
0.0
1
-0.001081411028280854
0.1442230045795441
-0.3440195918083191
0
0.0
0
0.0
0
2
1
2
-1.0
0
3
1
1
2.0
0
0
0
0
0.0
0
-5.429673910839483e-5
0.0
-0.2860746085643768
1
1.0
0
0.0
10
2
4
7
-1.0
11
2
2
7
2.0
0
0
0
0
0.0
0
0.005539358127862215
0.1934528946876526
-0.5054942965507507
0
0.0
0
0.0
2
1
6
9
-1.0
2
4
6
3
3.0
0
0
0
0
0.0
0
0.0337030999362469
0.0
0.383025586605072
1
1.0
0
0.0
1
4
2
2
-1.0
2
4
1
2
2.0
0
0
0
0
0.0
0
-0.000121789300465025
0.0664141774177551
-0.48530051112175
0
0.0
0
0.0
13
12
2
2
-1.0
13
12
1
1
2.0
14
13
1
1
2.0
0
-0.001780377002432942
0.4411354959011078
0.0
0
0.0
1
1.0
18
0
2
1
-1.0
19
0
1
1
2.0
0
0
0
0
0.0
0
-5.601963857770897e-5
0.1239674985408783
-0.2629227042198181
0
0.0
0
0.0
-1.969702005386353
4
13
3
1
-1.0
5
13
1
1
3.0
0
0
0
0
0.0
0
0.003198279067873955
0.0
0.5420842170715332
1
1.0
0
0.0
6
13
4
1
-1.0
7
13
2
1
2.0
0
0
0
0
0.0
0
-0.00152404501568526
0.0827848389744759
-0.5016483068466187
0
0.0
0
0.0
6
10
6
3
-1.0
6
11
6
1
3.0
0
0
0
0
0.0
0
-0.012284429743886
0.4417493939399719
0.0
0
0.0
1
1.0
7
9
4
3
-1.0
7
10
4
1
3.0
0
0
0
0
0.0
0
-0.008355544880032539
0.3586339950561523
-0.3625485897064209
0
0.0
0
0.0
6
0
4
3
-1.0
6
0
2
3
2.0
0
0
0
0
0.0
1
0.0413578003644943
0.0
0.4785881042480469
1
1.0
0
0.0
15
15
5
2
-1.0
15
16
5
1
2.0
0
0
0
0
0.0
0
0.00223087496124208
-0.6039034724235535
-0.0008719941833987832
0
0.0
0
0.0
0
8
18
12
-1.0
6
12
6
4
9.0
0
0
0
0
0.0
0
-0.5416054129600525
0.0
-0.3253665864467621
1
1.0
0
0.0
1
6
14
4
-1.0
8
6
7
4
2.0
0
0
0
0
0.0
0
0.007900945842266083
-0.3641510009765625
0.4050160050392151
0
0.0
0
0.0
3
11
6
3
-1.0
2
12
6
1
3.0
0
0
0
0
0.0
1
-0.002723672892898321
0.0
-0.2764418125152588
1
1.0
0
0.0
5
9
1
3
-1.0
4
10
1
1
3.0
0
0
0
0
0.0
1
0.002104188082739711
0.3406811952590942
-0.419224888086319
0
0.0
0
0.0
17
10
3
3
-1.0
18
11
1
3
3.0
0
0
0
0
0.0
1
0.001268815947696567
0.0
-0.545207679271698
1
1.0
0
0.0
17
11
1
4
-1.0
16
12
1
2
2.0
0
0
0
0
0.0
1
-0.004288106225430965
0.3006008863449097
-0.1523319035768509
0
0.0
0
0.0
1
0
12
9
-1.0
4
0
6
9
2.0
0
0
0
0
0.0
0
-0.004889044910669327
0.0
-0.3766582012176514
1
1.0
0
0.0
9
3
4
5
-1.0
10
3
2
5
2.0
0
0
0
0
0.0
0
0.005092211067676544
0.2180331945419312
-0.5712652206420898
0
0.0
0
0.0
7
8
6
3
-1.0
7
9
6
1
3.0
0
0
0
0
0.0
0
-0.007094473112374544
0.5192192196846008
0.0
0
0.0
1
1.0
7
1
9
6
-1.0
7
3
9
2
3.0
0
0
0
0
0.0
0
0.0254318900406361
-0.2126024961471558
0.3056620061397552
0
0.0
0
0.0
0
1
2
2
-1.0
0
2
2
1
2.0
0
0
0
0
0.0
0
-6.746190774720162e-5
0.0
-0.3340674936771393
1
1.0
0
0.0
13
8
3
5
-1.0
14
9
1
5
3.0
0
0
0
0
0.0
1
-0.00853508897125721
0.3504346013069153
-0.0903848335146904
0
0.0
0
0.0
3
16
3
1
-1.0
4
17
1
1
3.0
0
0
0
0
0.0
1
-0.004111780785024166
-0.6968370079994202
0.0
0
0.0
1
1.0
11
1
4
7
-1.0
12
1
2
7
2.0
0
0
0
0
0.0
0
0.006396408192813396
0.1154263988137245
-0.6664537191390991
0
0.0
0
0.0
11
13
2
2
-1.0
11
13
1
1
2.0
12
14
1
1
2.0
0
0.0009832275100052357
0.0
0.3569537997245789
1
1.0
0
0.0
12
14
3
1
-1.0
13
14
1
1
3.0
0
0
0
0
0.0
0
-0.0005573796806857
0.2308111041784286
-0.2886263132095337
0
0.0
0
0.0
17
2
3
1
-1.0
18
3
1
1
3.0
0
0
0
0
0.0
1
0.002879828913137317
0.0
-0.5992326736450195
1
1.0
0
0.0
14
2
6
6
-1.0
14
2
3
3
2.0
17
5
3
3
2.0
0
-0.007716451771557331
0.3607490062713623
-0.0818276181817055
0
0.0
0
0.0
12
16
8
4
-1.0
12
18
8
2
2.0
0
0
0
0
0.0
0
0.003728512907400727
-0.3773201107978821
0.0
0
0.0
1
1.0
7
11
3
3
-1.0
6
12
3
1
3.0
0
0
0
0
0.0
1
-0.0131611097604036
0.6702303886413574
0.0151145495474339
0
0.0
0
0.0
6
3
8
6
-1.0
4
5
8
2
3.0
0
0
0
0
0.0
1
-0.0389661304652691
0.0
-0.3125221133232117
1
1.0
0
0.0
1
8
3
8
-1.0
1
10
3
4
2.0
0
0
0
0
0.0
0
-0.005741369910538197
0.3394747972488403
-0.1601140946149826
0
0.0
0
0.0
7
0
8
6
-1.0
9
2
4
6
2.0
0
0
0
0
0.0
1
0.1253833025693893
0.0
0.7372115254402161
1
1.0
0
0.0
5
2
7
6
-1.0
5
5
7
3
2.0
0
0
0
0
0.0
0
-0.0972431227564812
0.5028898119926453
-0.13284370303154
0
0.0
0
0.0
10
13
3
1
-1.0
11
13
1
1
3.0
0
0
0
0
0.0
0
-0.002012849086895585
0.413678914308548
0.0
0
0.0
1
1.0
12
12
4
2
-1.0
12
12
2
1
2.0
14
13
2
1
2.0
0
0.003534907009452581
-0.1592327058315277
0.4405657947063446
0
0.0
0
0.0
6
1
14
19
-1.0
13
1
7
19
2.0
0
0
0
0
0.0
0
0.4484654068946838
0.0
0.5942366123199463
1
1.0
0
0.0
6
9
14
1
-1.0
13
9
7
1
2.0
0
0
0
0
0.0
0
-0.0103877801448107
0.3039911985397339
-0.1828735023736954
0
0.0
0
0.0
18
0
2
1
-1.0
18
0
1
1
2.0
0
0
0
0
0.0
1
-0.001421038992702961
-0.4536106884479523
0.0
0
0.0
1
1.0
15
0
3
1
-1.0
16
1
1
1
3.0
0
0
0
0
0.0
1
0.003644607029855251
0.1576682031154633
-0.6260883808135986
0
0.0
0
0.0
5
7
2
3
-1.0
4
8
2
1
3.0
0
0
0
0
0.0
1
0.003225363092496991
0.0
-0.4141024053096771
1
1.0
0
0.0
15
12
3
3
-1.0
14
13
3
1
3.0
0
0
0
0
0.0
1
0.0009889334905892611
-0.1075780019164085
0.3115688860416412
0
0.0
0
0.0
10
17
4
2
-1.0
11
17
2
2
2.0
0
0
0
0
0.0
0
-0.002710782922804356
-0.7535281777381897
0.0
0
0.0
1
1.0
8
12
3
3
-1.0
9
13
1
1
9.0
0
0
0
0
0.0
0
-0.006926487199962139
0.2746442854404449
-0.1172894984483719
0
0.0
0
0.0
4
1
7
6
-1.0
4
3
7
2
3.0
0
0
0
0
0.0
0
-0.0379427708685398
0.2693654894828796
0.0
0
0.0
1
1.0
11
0
6
6
-1.0
11
2
6
2
3.0
0
0
0
0
0.0
0
0.013486459851265
-0.3153286874294281
0.2578544020652771
0
0.0
0
0.0
0
1
1
4
-1.0
0
2
1
2
2.0
0
0
0
0
0.0
0
0.002786645898595452
0.0
-0.6843165755271912
1
1.0
0
0.0
7
5
4
4
-1.0
8
5
2
4
2.0
0
0
0
0
0.0
0
0.003289571963250637
0.129491001367569
-0.4447514116764069
0
0.0
0
0.0
1
0
1
3
-1.0
1
1
1
1
3.0
0
0
0
0
0.0
0
0.001791010028682649
0.0
-0.5623742938041687
1
1.0
0
0.0
9
3
4
2
-1.0
9
4
4
1
2.0
0
0
0
0
0.0
0
0.003369417041540146
-0.0619367696344852
0.3679428994655609
0
0.0
0
0.0
18
13
2
5
-1.0
19
13
1
5
2.0
0
0
0
0
0.0
0
0.0006589763215743005
-0.2770572006702423
0.0
0
0.0
1
1.0
2
11
3
6
-1.0
3
11
1
6
3.0
0
0
0
0
0.0
0
-3.260383891756646e-5
0.2742677927017212
-0.2236953973770142
0
0.0
0
0.0
0
5
2
12
-1.0
0
9
2
4
3.0
0
0
0
0
0.0
0
-0.0601757206022739
-0.741749107837677
0.0
0
0.0
1
1.0
11
10
8
5
-1.0
15
10
4
5
2.0
0
0
0
0
0.0
0
-0.0212176106870174
-0.450347512960434
0.1142600029706955
0
0.0
0
0.0
15
11
4
2
-1.0
16
12
2
2
2.0
0
0
0
0
0.0
1
-0.002263291040435433
0.0
-0.3053858876228333
1
1.0
0
0.0
15
8
4
2
-1.0
16
9
2
2
2.0
0
0
0
0
0.0
1
0.006031307857483625
0.2056266069412231
-0.4068979918956757
0
0.0
0
0.0
5
13
2
1
-1.0
6
13
1
1
2.0
0
0
0
0
0.0
0
0.0005757848266512156
0.0
0.3509874939918518
1
1.0
0
0.0
12
13
2
2
-1.0
13
13
1
2
2.0
0
0
0
0
0.0
0
-0.0009367716265842319
0.2161615937948227
-0.2441577017307281
0
0.0
0
0.0
11
12
8
8
-1.0
13
12
4
8
2.0
0
0
0
0
0.0
0
-0.0376265682280064
-0.5911368131637573
0.0
0
0.0
1
1.0
3
0
6
10
-1.0
5
0
2
10
3.0
0
0
0
0
0.0
0
0.004472981207072735
0.157922700047493
-0.3222627937793732
0
0.0
0
0.0
6
14
2
2
-1.0
6
14
1
2
2.0
0
0
0
0
0.0
1
-0.007185330148786306
-0.5951905250549316
0.0
0
0.0
1
1.0
0
5
19
4
-1.0
0
7
19
2
2.0
0
0
0
0
0.0
0
0.04052022844553
-0.06668846309185029
0.3403024971485138
0
0.0
0
0.0
17
4
3
2
-1.0
18
5
1
2
3.0
0
0
0
0
0.0
1
-0.006196838803589344
-0.6728746294975281
0.0
0
0.0
1
1.0
17
3
3
4
-1.0
18
4
1
4
3.0
0
0
0
0
0.0
1
0.0103115299716592
0.1068323999643326
-0.5482596755027771
0
0.0
0
0.0
-2.03305196762085
5
13
8
2
-1.0
7
13
4
2
2.0
0
0
0
0
0.0
0
-0.0193205196410418
0.0
-0.387125700712204
1
1.0
0
0.0
0
0
2
8
-1.0
0
4
2
4
2.0
0
0
0
0
0.0
0
-0.0151264602318406
0.6446818113327026
-0.1272711008787155
0
0.0
0
0.0
0
9
15
6
-1.0
0
11
15
2
3.0
0
0
0
0
0.0
0
-0.0601826906204224
0.0
-0.3081910908222198
1
1.0
0
0.0
18
14
2
1
-1.0
18
14
1
1
2.0
0
0
0
0
0.0
1
-0.001357604982331395
0.4802188873291016
-0.3342868089675903
0
0.0
0
0.0
0
0
4
8
-1.0
2
0
2
8
2.0
0
0
0
0
0.0
0
-0.005693077109754086
0.0
-0.3316608071327209
1
1.0
0
0.0
0
13
6
2
-1.0
2
13
2
2
3.0
0
0
0
0
0.0
0
-0.008094203658401966
0.4751748144626617
-0.0747615620493889
0
0.0
0
0.0
3
18
3
2
-1.0
3
19
3
1
2.0
0
0
0
0
0.0
0
0.0006841333233751357
-0.3574196994304657
0.0
0
0.0
1
1.0
2
11
15
6
-1.0
7
13
5
2
9.0
0
0
0
0
0.0
0
-0.1152058988809586
0.2610509097576141
-0.3177380859851837
0
0.0
0
0.0
7
14
3
3
-1.0
8
15
1
3
3.0
0
0
0
0
0.0
1
-0.00911240465939045
-0.5854070782661438
0.0
0
0.0
1
1.0
7
8
2
2
-1.0
8
8
1
2
2.0
0
0
0
0
0.0
0
5.489106843015179e-5
-0.2298189997673035
0.2348290979862213
0
0.0
0
0.0
6
9
6
3
-1.0
6
10
6
1
3.0
0
0
0
0
0.0
0
-0.009562253952026367
0.3915528059005737
0.0
0
0.0
1
1.0
5
8
7
3
-1.0
5
9
7
1
3.0
0
0
0
0
0.0
0
-0.008203260600566864
0.4317995011806488
-0.2317329049110413
0
0.0
0
0.0
17
9
3
1
-1.0
18
10
1
1
3.0
0
0
0
0
0.0
1
-0.004003576003015041
-0.5870047807693481
0.0
0
0.0
1
1.0
17
9
3
2
-1.0
18
10
1
2
3.0
0
0
0
0
0.0
1
0.002540623070672154
0.1799003034830093
-0.41681569814682
0
0.0
0
0.0
11
9
1
3
-1.0
11
10
1
1
3.0
0
0
0
0
0.0
0
0.001943547045812011
0.0
0.3034000992774963
1
1.0
0
0.0
12
11
2
2
-1.0
12
11
1
1
2.0
13
12
1
1
2.0
0
0.0008436234202235937
-0.3066104054450989
0.2364699989557266
0
0.0
0
0.0
3
6
4
5
-1.0
4
6
2
5
2.0
0
0
0
0
0.0
0
-0.005310351960361004
-0.5630481839179993
0.0
0
0.0
1
1.0
5
6
4
3
-1.0
6
6
2
3
2.0
0
0
0
0
0.0
0
-0.003552671987563372
-0.5569577217102051
0.1502279043197632
0
0.0
0
0.0
0
3
1
6
-1.0
0
5
1
2
3.0
0
0
0
0
0.0
0
0.00714144017547369
0.0
-0.6762663722038269
1
1.0
0
0.0
14
12
2
2
-1.0
14
12
1
1
2.0
15
13
1
1
2.0
0
-0.001143586006946862
0.3787387907505035
-0.0744428932666779
0
0.0
0
0.0
3
16
3
3
-1.0
4
16
1
3
3.0
0
0
0
0
0.0
0
-0.003117742948234081
-0.6256858706474304
0.0
0
0.0
1
1.0
3
1
14
4
-1.0
3
3
14
2
2.0
0
0
0
0
0.0
0
-0.0774156227707863
0.3983941078186035
-0.0552623197436333
0
0.0
0
0.0
6
0
14
8
-1.0
6
0
7
4
2.0
13
4
7
4
2.0
0
-0.0392529889941216
0.3409483134746552
0.0
0
0.0
1
1.0
4
0
4
8
-1.0
4
2
4
4
2.0
0
0
0
0
0.0
0
0.0220499709248543
-0.2441371977329254
0.4305087029933929
0
0.0
0
0.0
9
0
8
1
-1.0
13
0
4
1
2.0
0
0
0
0
0.0
0
-0.00222058710642159
0.2830972075462341
0.0
0
0.0
1
1.0
14
1
6
1
-1.0
17
1
3
1
2.0
0
0
0
0
0.0
0
0.002864964073523879
-0.3540188074111938
0.2105457037687302
0
0.0
0
0.0
18
18
2
2
-1.0
18
19
2
1
2.0
0
0
0
0
0.0
0
5.880673052161e-5
-0.2701404094696045
0.0
0
0.0
1
1.0
5
16
2
2
-1.0
5
16
1
2
2.0
0
0
0
0
0.0
1
-0.006659502163529396
-0.5931348204612732
0.2189286947250366
0
0.0
0
0.0
2
8
11
3
-1.0
2
9
11
1
3.0
0
0
0
0
0.0
0
0.0169316008687019
-0.1127962023019791
0.0
0
0.0
1
1.0
1
8
2
3
-1.0
1
9
2
1
3.0
0
0
0
0
0.0
0
0.004702663980424404
0.4921221137046814
-0.3970288038253784
0
0.0
0
0.0
18
12
2
5
-1.0
19
12
1
5
2.0
0
0
0
0
0.0
0
0.00174788199365139
-0.2233936935663223
0.0
0
0.0
1
1.0
19
16
1
3
-1.0
18
17
1
1
3.0
0
0
0
0
0.0
1
-0.00208932301029563
-0.4315781891345978
0.2537313997745514
0
0.0
0
0.0
14
9
2
2
-1.0
14
9
1
2
2.0
0
0
0
0
0.0
1
0.0115348501130939
0.0
-0.7066854238510132
1
1.0
0
0.0
13
11
2
2
-1.0
13
11
1
1
2.0
14
12
1
1
2.0
0
0.0008735011797398329
-0.0725091323256493
0.399750292301178
0
0.0
0
0.0
13
12
4
4
-1.0
14
12
2
4
2.0
0
0
0
0
0.0
0
-0.0007283642189577222
0.0
-0.235676497220993
1
1.0
0
0.0
19
11
1
3
-1.0
19
12
1
1
3.0
0
0
0
0
0.0
0
0.001266689039766788
0.2258238941431046
-0.4231734871864319
0
0.0
0
0.0
0
1
1
4
-1.0
0
3
1
2
2.0
0
0
0
0
0.0
0
-0.0008479402167722583
0.0
-0.283070296049118
1
1.0
0
0.0
0
0
20
20
-1.0
0
0
10
10
2.0
10
10
10
10
2.0
0
0.3621244132518768
0.1672423928976059
-0.7682694792747498
0
0.0
0
0.0
11
12
3
3
-1.0
10
13
3
1
3.0
0
0
0
0
0.0
1
-0.001943764975294471
0.0
-0.2722941935062408
1
1.0
0
0.0
16
17
1
2
-1.0
16
17
1
1
2.0
0
0
0
0
0.0
1
-0.004115968011319637
-0.6421130895614624
0.1881023049354553
0
0.0
0
0.0
13
10
4
2
-1.0
13
10
2
1
2.0
15
11
2
1
2.0
0
0.002325403969734907
0.0
0.2851688861846924
1
1.0
0
0.0
15
11
2
2
-1.0
15
11
1
1
2.0
16
12
1
1
2.0
0
-0.001481562037952244
0.4257420897483826
-0.2111361026763916
0
0.0
0
0.0
2
10
3
6
-1.0
3
10
1
6
3.0
0
0
0
0
0.0
0
-6.623329682042822e-5
0.0
-0.2820585072040558
1
1.0
0
0.0
0
0
6
9
-1.0
2
0
2
9
3.0
0
0
0
0
0.0
0
-0.0337564311921597
-0.8180304169654846
0.1705366969108582
0
0.0
0
0.0
8
17
2
1
-1.0
8
17
1
1
2.0
0
0
0
0
0.0
1
-0.0009435092797502875
0.1527314037084579
0.0
0
0.0
1
1.0
4
18
8
1
-1.0
8
18
4
1
2.0
0
0
0
0
0.0
0
0.001065021962858737
-0.426504909992218
0.1523593962192535
0
0.0
0
0.0
4
11
1
4
-1.0
3
12
1
2
2.0
0
0
0
0
0.0
1
-0.0012905279872939
0.1736539006233215
0.0
0
0.0
1
1.0
7
11
3
3
-1.0
6
12
3
1
3.0
0
0
0
0
0.0
1
0.00965490285307169
-0.3972159922122955
0.1795317977666855
0
0.0
0
0.0
9
18
4
1
-1.0
10
18
2
1
2.0
0
0
0
0
0.0
0
0.001343477051705122
0.0
-0.6960932016372681
1
1.0
0
0.0
0
19
2
1
-1.0
1
19
1
1
2.0
0
0
0
0
0.0
0
0.0005522000719793141
-0.0722587704658508
0.3449329137802124
0
0.0
0
0.0
11
6
3
5
-1.0
12
6
1
5
3.0
0
0
0
0
0.0
0
0.003579535055905581
0.0
-0.4807066917419434
1
1.0
0
0.0
8
0
12
20
-1.0
8
0
6
10
2.0
14
10
6
10
2.0
0
-0.0105854999274015
-0.3297558128833771
0.1468691974878311
0
0.0
0
0.0
4
0
1
4
-1.0
3
1
1
2
2.0
0
0
0
0
0.0
1
0.003563604084774852
0.0
-0.6141502261161804
1
1.0
0
0.0
4
14
16
4
-1.0
8
14
8
4
2.0
0
0
0
0
0.0
0
-0.1029829010367393
-0.7236648201942444
0.08444707095623021
0
0.0
0
0.0
7
9
5
4
-1.0
6
10
5
2
2.0
0
0
0
0
0.0
1
-0.0296057593077421
0.4711360931396484
0.0
0
0.0
1
1.0
5
12
6
2
-1.0
5
12
3
2
2.0
0
0
0
0
0.0
1
-0.0345805995166302
-0.4312899112701416
0.0246234703809023
0
0.0
0
0.0
1
14
4
1
-1.0
1
14
2
1
2.0
0
0
0
0
0.0
1
0.004792336840182543
0.0
-0.4627079963684082
1
1.0
0
0.0
4
10
1
3
-1.0
3
11
1
1
3.0
0
0
0
0
0.0
1
0.001705804024823
0.1473857015371323
-0.3781889081001282
0
0.0
0
0.0
3
10
3
9
-1.0
4
10
1
9
3.0
0
0
0
0
0.0
0
-0.003317411988973618
0.2792986035346985
0.0
0
0.0
1
1.0
4
11
3
4
-1.0
5
11
1
4
3.0
0
0
0
0
0.0
0
-0.00170222797896713
0.2632699012756348
-0.2512921094894409
0
0.0
0
0.0
5
12
3
2
-1.0
6
12
1
2
3.0
0
0
0
0
0.0
0
-0.0008169534266926348
0.0
-0.1285964995622635
1
1.0
0
0.0
7
12
3
2
-1.0
8
12
1
2
3.0
0
0
0
0
0.0
0
-0.001418482977896929
0.58855402469635
-0.0500851683318615
0
0.0
0
0.0
1
2
12
6
-1.0
5
2
4
6
3.0
0
0
0
0
0.0
0
-0.0104785999283195
0.1473290026187897
0.0
0
0.0
1
1.0
9
0
8
3
-1.0
11
2
4
3
2.0
0
0
0
0
0.0
1
0.0319819115102291
-0.4129954874515533
0.3444204926490784
0
0.0
0
0.0
8
1
6
2
-1.0
8
1
3
2
2.0
0
0
0
0
0.0
1
0.0455438494682312
0.0
0.4884208142757416
1
1.0
0
0.0
4
4
15
9
-1.0
4
7
15
3
3.0
0
0
0
0
0.0
0
0.0235740095376968
-0.4638321995735168
0.0374437682330608
0
0.0
0
0.0
-1.9516259431839
5
10
8
6
-1.0
7
10
4
6
2.0
0
0
0
0
0.0
0
-0.0323471315205097
0.0
-0.4115316867828369
1
1.0
0
0.0
11
8
9
9
-1.0
11
11
9
3
3.0
0
0
0
0
0.0
0
-0.0748554319143295
0.5440948009490967
-0.2104308009147644
0
0.0
0
0.0
7
0
6
4
-1.0
9
2
2
4
3.0
0
0
0
0
0.0
1
-0.0591647997498512
0.46945521235466
0.0
0
0.0
1
1.0
3
11
6
3
-1.0
2
12
6
1
3.0
0
0
0
0
0.0
1
-0.005073470994830132
0.0809333473443985
-0.4043686985969543
0
0.0
0
0.0
16
12
4
3
-1.0
18
12
2
3
2.0
0
0
0
0
0.0
0
0.006630441173911095
-0.3194395005702972
0.0
0
0.0
1
1.0
10
10
2
10
-1.0
10
15
2
5
2.0
0
0
0
0
0.0
0
0.0228042807430029
-0.3527761101722717
0.3635815978050232
0
0.0
0
0.0
5
7
3
4
-1.0
4
8
3
2
2.0
0
0
0
0
0.0
1
0.003414805978536606
0.0
-0.4213989973068237
1
1.0
0
0.0
1
9
6
1
-1.0
3
11
2
1
3.0
0
0
0
0
0.0
1
-0.006069662980735302
0.28190940618515
-0.2572798132896423
0
0.0
0
0.0
0
0
1
6
-1.0
0
3
1
3
2.0
0
0
0
0
0.0
0
-0.003327178070321679
0.0
-0.333801805973053
1
1.0
0
0.0
8
10
10
2
-1.0
8
10
5
1
2.0
13
11
5
1
2.0
0
0.0123812397941947
0.0258311200886965
0.5820063948631287
0
0.0
0
0.0
5
2
5
6
-1.0
5
5
5
3
2.0
0
0
0
0
0.0
0
-0.0785619020462036
0.5708081722259521
0.0
0
0.0
1
1.0
6
1
6
1
-1.0
6
1
3
1
2.0
0
0
0
0
0.0
1
-0.00768639100715518
0.1909738034009933
-0.2474946975708008
0
0.0
0
0.0
0
3
1
12
-1.0
0
7
1
4
3.0
0
0
0
0
0.0
0
0.003940483089536428
0.0
-0.3529588878154755
1
1.0
0
0.0
0
7
2
1
-1.0
1
7
1
1
2.0
0
0
0
0
0.0
0
-7.062481017783284e-5
0.2843806147575378
-0.1646942049264908
0
0.0
0
0.0
3
5
1
3
-1.0
2
6
1
1
3.0
0
0
0
0
0.0
1
-0.002256853971630335
-0.4618921875953674
0.0
0
0.0
1
1.0
11
12
2
3
-1.0
10
13
2
1
3.0
0
0
0
0
0.0
1
-0.003559594973921776
0.2452594041824341
-0.1898497939109802
0
0.0
0
0.0
10
12
3
3
-1.0
11
12
1
3
3.0
0
0
0
0
0.0
0
-0.003011310007423162
0.3059439063072205
0.0
0
0.0
1
1.0
9
11
3
3
-1.0
10
12
1
1
9.0
0
0
0
0
0.0
0
-0.006274899002164602
0.1471614986658096
-0.33265221118927
0
0.0
0
0.0
6
17
4
2
-1.0
7
17
2
2
2.0
0
0
0
0
0.0
0
0.002583527937531471
0.0
-0.7485389113426208
1
1.0
0
0.0
12
18
6
2
-1.0
15
18
3
2
2.0
0
0
0
0
0.0
0
0.003257655072957277
-0.1494961977005005
0.2629367113113403
0
0.0
0
0.0
3
17
2
1
-1.0
3
17
1
1
2.0
0
0
0
0
0.0
1
-0.0002695797884371132
0.0
-0.2946836054325104
1
1.0
0
0.0
1
15
4
1
-1.0
2
16
2
1
2.0
0
0
0
0
0.0
1
-0.00445936806499958
-0.4590528905391693
0.2223538011312485
0
0.0
0
0.0
18
0
2
2
-1.0
18
1
2
1
2.0
0
0
0
0
0.0
0
0.002284165006130934
0.0
-0.6381593942642212
1
1.0
0
0.0
19
0
1
3
-1.0
19
1
1
1
3.0
0
0
0
0
0.0
0
-0.0006759571842849255
-0.3175694048404694
0.1490307003259659
0
0.0
0
0.0
16
11
3
2
-1.0
16
11
3
1
2.0
0
0
0
0
0.0
1
0.00614284398034215
0.0
0.2418702989816666
1
1.0
0
0.0
16
12
2
3
-1.0
15
13
2
1
3.0
0
0
0
0
0.0
1
0.00273920688778162
-0.3148753941059113
0.2358912974596024
0
0.0
0
0.0
12
0
8
1
-1.0
16
0
4
1
2.0
0
0
0
0
0.0
0
-0.002020931104198098
0.2538956105709076
0.0
0
0.0
1
1.0
2
1
9
6
-1.0
2
4
9
3
2.0
0
0
0
0
0.0
0
0.0268921405076981
-0.3439103960990906
0.2301076054573059
0
0.0
0
0.0
17
1
3
2
-1.0
17
1
3
1
2.0
0
0
0
0
0.0
1
0.01467106025666
0.0
0.5951753854751587
1
1.0
0
0.0
7
5
6
4
-1.0
7
6
6
2
2.0
0
0
0
0
0.0
0
-0.012444119900465
0.3733592927455902
-0.1454063951969147
0
0.0
0
0.0
4
6
6
2
-1.0
7
6
3
2
2.0
0
0
0
0
0.0
0
0.002052722033113241
-0.2113502025604248
0.0
0
0.0
1
1.0
11
4
6
6
-1.0
13
4
2
6
3.0
0
0
0
0
0.0
0
-0.0170889906585217
-0.7251623272895813
0.2335873991250992
0
0.0
0
0.0
5
7
9
3
-1.0
5
8
9
1
3.0
0
0
0
0
0.0
0
-0.009858552366495132
0.4539042115211487
0.0
0
0.0
1
1.0
5
8
9
3
-1.0
5
9
9
1
3.0
0
0
0
0
0.0
0
-0.0105411903932691
0.3550005853176117
-0.1711850017309189
0
0.0
0
0.0
1
0
4
3
-1.0
2
0
2
3
2.0
0
0
0
0
0.0
0
0.004003422800451517
0.0
-0.7043396234512329
1
1.0
0
0.0
9
9
5
4
-1.0
9
10
5
2
2.0
0
0
0
0
0.0
0
-0.0118891401216388
0.404365599155426
-0.0462636202573776
0
0.0
0
0.0
1
0
6
7
-1.0
3
0
2
7
3.0
0
0
0
0
0.0
0
-0.020685700699687
-0.6434760093688965
0.0
0
0.0
1
1.0
16
9
3
2
-1.0
17
10
1
2
3.0
0
0
0
0
0.0
1
-0.007924392819404602
-0.5363292098045349
0.110029898583889
0
0.0
0
0.0
14
12
2
2
-1.0
14
12
1
1
2.0
15
13
1
1
2.0
0
0.001243115053512156
0.0
0.4122002124786377
1
1.0
0
0.0
0
0
14
1
-1.0
7
0
7
1
2.0
0
0
0
0
0.0
0
-0.004231201950460672
0.0798876583576202
-0.3092674016952515
0
0.0
0
0.0
15
11
2
2
-1.0
15
11
1
2
2.0
0
0
0
0
0.0
1
0.009819733910262585
0.0
-0.6097676157951355
1
1.0
0
0.0
3
14
12
4
-1.0
3
14
6
2
2.0
9
16
6
2
2.0
0
0.0454554110765457
0.1062114015221596
-0.6468737125396729
0
0.0
0
0.0
5
2
1
3
-1.0
4
3
1
1
3.0
0
0
0
0
0.0
1
0.00268927589058876
0.0
-0.4912298917770386
1
1.0
0
0.0
8
12
3
2
-1.0
9
13
1
2
3.0
0
0
0
0
0.0
1
-0.001517271040938795
0.1757874935865402
-0.268189400434494
0
0.0
0
0.0
14
11
2
2
-1.0
14
11
1
1
2.0
15
12
1
1
2.0
0
0.0006201416836120188
0.0
0.2550072968006134
1
1.0
0
0.0
13
10
7
2
-1.0
13
11
7
1
2.0
0
0
0
0
0.0
0
-0.000202335198991932
0.007274585776031017
-0.5081527233123779
0
0.0
0
0.0
7
13
1
2
-1.0
7
13
1
1
2.0
0
0
0
0
0.0
1
0.003176002064719796
0.0
0.4384926855564117
1
1.0
0
0.0
5
12
4
3
-1.0
6
12
2
3
2.0
0
0
0
0
0.0
0
-0.001266869949176908
0.1634940057992935
-0.2912816107273102
0
0.0
0
0.0
8
2
2
5
-1.0
9
2
1
5
2.0
0
0
0
0
0.0
0
0.005105610005557537
0.0
-0.7500135898590088
1
1.0
0
0.0
1
17
4
2
-1.0
3
17
2
2
2.0
0
0
0
0
0.0
0
-0.001502651022747159
0.2719883024692535
-0.0994867980480194
0
0.0
0
0.0
12
17
4
3
-1.0
13
17
2
3
2.0
0
0
0
0
0.0
0
-0.003623862052336335
-0.6039624810218811
0.0
0
0.0
1
1.0
15
16
5
3
-1.0
15
17
5
1
3.0
0
0
0
0
0.0
0
0.0076577658765018
0.109383799135685
-0.5300763845443726
0
0.0
0
0.0
15
16
4
3
-1.0
15
17
4
1
3.0
0
0
0
0
0.0
0
-0.003183024935424328
-0.4772489070892334
0.0
0
0.0
1
1.0
0
17
16
3
-1.0
4
17
8
3
2.0
0
0
0
0
0.0
0
0.0109313298016787
-0.043065819889307
0.3894585967063904
0
0.0
0
0.0
0
14
2
2
-1.0
0
14
1
1
2.0
1
15
1
1
2.0
0
-0.001004767953418195
0.4155359864234924
0.0
0
0.0
1
1.0
7
2
6
6
-1.0
7
4
6
2
3.0
0
0
0
0
0.0
0
-0.0466604307293892
0.3015987873077393
-0.1618438065052032
0
0.0
0
0.0
3
5
1
3
-1.0
2
6
1
1
3.0
0
0
0
0
0.0
1
0.003200238104909658
0.0
-0.5462177991867065
1
1.0
0
0.0
2
7
2
2
-1.0
2
7
2
1
2.0
0
0
0
0
0.0
1
-0.001736751990392804
-0.2198777943849564
0.1960642039775848
0
0.0
0
0.0
-1.76285195350647
6
11
5
3
-1.0
5
12
5
1
3.0
0
0
0
0
0.0
1
0.0171605199575424
-0.3227300941944122
0.0
0
0.0
1
1.0
16
14
4
6
-1.0
16
17
4
3
2.0
0
0
0
0
0.0
0
0.0145035600289702
-0.3943862020969391
0.5792297720909119
0
0.0
0
0.0
6
13
6
7
-1.0
8
13
2
7
3.0
0
0
0
0
0.0
0
-0.0090323518961668
0.0
-0.4153687059879303
1
1.0
0
0.0
0
1
12
11
-1.0
3
1
6
11
2.0
0
0
0
0
0.0
0
-0.006983613129705191
0.3551585972309113
-0.3817715048789978
0
0.0
0
0.0
6
10
7
3
-1.0
6
11
7
1
3.0
0
0
0
0
0.0
0
-0.0192209091037512
0.4531590044498444
0.0
0
0.0
1
1.0
8
0
9
4
-1.0
8
2
9
2
2.0
0
0
0
0
0.0
0
-0.0400871597230434
0.172283798456192
-0.3111056089401245
0
0.0
0
0.0
10
14
10
2
-1.0
10
15
10
1
2.0
0
0
0
0
0.0
0
0.005654970183968544
-0.4046160876750946
0.0
0
0.0
1
1.0
0
0
1
18
-1.0
0
6
1
6
3.0
0
0
0
0
0.0
0
-0.0116112697869539
0.290342390537262
-0.2207850962877274
0
0.0
0
0.0
4
13
2
2
-1.0
4
13
1
1
2.0
5
14
1
1
2.0
0
-0.001057615969330072
0.3585166931152344
0.0
0
0.0
1
1.0
8
11
3
6
-1.0
9
12
1
6
3.0
0
0
0
0
0.0
1
-0.001336080022156239
0.0159689001739025
-0.4199010133743286
0
0.0
0
0.0
6
7
2
3
-1.0
5
8
2
1
3.0
0
0
0
0
0.0
1
0.005230279173702002
0.0
-0.4966328144073486
1
1.0
0
0.0
4
8
3
3
-1.0
5
8
1
3
3.0
0
0
0
0
0.0
0
-0.002784847980365157
-0.5296021103858948
0.1553544998168945
0
0.0
0
0.0
1
4
14
1
-1.0
1
4
7
1
2.0
0
0
0
0
0.0
1
-0.0256541296839714
-0.5930917859077454
0.0
0
0.0
1
1.0
12
13
8
3
-1.0
14
13
4
3
2.0
0
0
0
0
0.0
0
-0.006894213147461414
0.2431810945272446
-0.1823194026947021
0
0.0
0
0.0
4
17
2
1
-1.0
4
17
1
1
2.0
0
0
0
0
0.0
1
-6.962275074329227e-5
0.0
-0.327162891626358
1
1.0
0
0.0
6
16
2
2
-1.0
6
16
1
2
2.0
0
0
0
0
0.0
1
-0.00641546119004488
-0.5082166790962219
0.195433497428894
0
0.0
0
0.0
3
17
4
2
-1.0
4
17
2
2
2.0
0
0
0
0
0.0
0
-6.716438656440005e-5
0.1860219985246658
0.0
0
0.0
1
1.0
0
7
20
2
-1.0
5
7
10
2
2.0
0
0
0
0
0.0
0
0.02241669036448
-0.3928199112415314
0.1327912956476212
0
0.0
0
0.0
15
9
2
2
-1.0
15
9
1
2
2.0
0
0
0
0
0.0
1
0.008428758010268211
0.0
-0.5544756054878235
1
1.0
0
0.0
3
12
2
2
-1.0
3
12
1
1
2.0
4
13
1
1
2.0
0
-0.0008735755109228194
0.4715873003005981
-0.0384924784302711
0
0.0
0
0.0
0
5
2
1
-1.0
1
5
1
1
2.0
0
0
0
0
0.0
0
-4.749697109218687e-5
0.0
-0.2519702911376953
1
1.0
0
0.0
17
0
3
2
-1.0
18
1
1
2
3.0
0
0
0
0
0.0
1
0.00458160787820816
0.2025039941072464
-0.61638081073761
0
0.0
0
0.0
2
8
3
9
-1.0
3
11
1
3
9.0
0
0
0
0
0.0
0
-0.011175150051713
0.0
-0.2777119874954224
1
1.0
0
0.0
15
7
4
2
-1.0
16
8
2
2
2.0
0
0
0
0
0.0
1
-0.00742386095225811
-0.5010343790054321
0.1931852996349335
0
0.0
0
0.0
4
16
3
3
-1.0
5
16
1
3
3.0
0
0
0
0
0.0
0
-0.00302014802582562
-0.6590424776077271
0.0
0
0.0
1
1.0
8
14
6
1
-1.0
10
14
2
1
3.0
0
0
0
0
0.0
0
-0.003034367924556136
0.3196248114109039
-0.105129100382328
0
0.0
0
0.0
14
0
6
6
-1.0
14
0
3
3
2.0
17
3
3
3
2.0
0
-0.0109712900593877
0.3270700871944427
0.0
0
0.0
1
1.0
17
2
2
1
-1.0
17
2
1
1
2.0
0
0
0
0
0.0
1
0.0001200073966174386
-0.4167926907539368
0.1164520010352135
0
0.0
0
0.0
0
19
20
1
-1.0
10
19
10
1
2.0
0
0
0
0
0.0
0
0.002155269961804152
0.0
0.1538939028978348
1
1.0
0
0.0
0
19
6
1
-1.0
3
19
3
1
2.0
0
0
0
0
0.0
0
0.001597080030478537
-0.4297927021980286
0.191929504275322
0
0.0
0
0.0
9
17
4
3
-1.0
10
17
2
3
2.0
0
0
0
0
0.0
0
-0.004359093960374594
-0.8661373853683472
0.0
0
0.0
1
1.0
4
11
3
3
-1.0
5
12
1
1
9.0
0
0
0
0
0.0
0
-0.006575204897671938
0.3529854118824005
-0.07262472063303
0
0.0
0
0.0
17
7
3
3
-1.0
18
8
1
3
3.0
0
0
0
0
0.0
1
0.003548619104549289
0.0
-0.3614104092121124
1
1.0
0
0.0
19
1
1
4
-1.0
18
2
1
2
2.0
0
0
0
0
0.0
1
0.0017437560018152
-0.0402509197592735
0.4111959040164948
0
0.0
0
0.0
6
8
2
1
-1.0
7
8
1
1
2.0
0
0
0
0
0.0
0
6.589276745216921e-5
0.0
0.1552398949861526
1
1.0
0
0.0
5
4
4
4
-1.0
6
5
2
4
2.0
0
0
0
0
0.0
1
0.0122171696275473
-0.3656722903251648
0.2515968978405
0
0.0
0
0.0
5
0
8
7
-1.0
9
0
4
7
2.0
0
0
0
0
0.0
0
0.0601993091404438
0.0
-0.6895959973335266
1
1.0
0
0.0
0
7
5
9
-1.0
0
10
5
3
3.0
0
0
0
0
0.0
0
-0.09168437123298651
-0.6631187200546265
0.0948273614048958
0
0.0
0
0.0
14
10
2
2
-1.0
14
10
1
1
2.0
15
11
1
1
2.0
0
0.0008939281105995178
0.0
0.2873100936412811
1
1.0
0
0.0
15
11
2
2
-1.0
15
11
1
1
2.0
16
12
1
1
2.0
0
-0.001114650047384202
0.3612706065177917
-0.2405422925949097
0
0.0
0
0.0
9
2
6
4
-1.0
11
2
2
4
3.0
0
0
0
0
0.0
0
-0.0110427802428603
-0.7168669104576111
0.0
0
0.0
1
1.0
0
12
12
8
-1.0
6
12
6
8
2.0
0
0
0
0
0.0
0
0.0377693511545658
0.1112534999847412
-0.5632094740867615
0
0.0
0
0.0
1
0
6
2
-1.0
3
0
2
2
3.0
0
0
0
0
0.0
0
0.005597942974418402
0.0
-0.5699890851974487
1
1.0
0
0.0
0
12
4
5
-1.0
1
12
2
5
2.0
0
0
0
0
0.0
0
-0.002546214032918215
0.2673457860946655
-0.1052770018577576
0
0.0
0
0.0
2
12
4
4
-1.0
3
12
2
4
2.0
0
0
0
0
0.0
0
-0.001792981987819076
0.1771212071180344
0.0
0
0.0
1
1.0
12
11
2
4
-1.0
13
11
1
4
2.0
0
0
0
0
0.0
0
-8.968637848738581e-5
0.1676241010427475
-0.4133665859699249
0
0.0
0
0.0
2
0
1
4
-1.0
2
2
1
2
2.0
0
0
0
0
0.0
0
-0.0006825499003753066
0.0
-0.3132705092430115
1
1.0
0
0.0
6
1
4
9
-1.0
7
1
2
9
2.0
0
0
0
0
0.0
0
0.004059934988617897
0.2031262964010239
-0.4636094868183136
0
0.0
0
0.0
13
10
2
3
-1.0
13
11
2
1
3.0
0
0
0
0
0.0
0
0.001584318000823259
0.0
0.2641308903694153
1
1.0
0
0.0
3
9
15
3
-1.0
8
10
5
1
9.0
0
0
0
0
0.0
0
-0.0461016409099102
0.2458764016628265
-0.3115119934082031
0
0.0
0
0.0
15
10
3
1
-1.0
16
11
1
1
3.0
0
0
0
0
0.0
1
0.001575995003804564
0.0
-0.3659397065639496
1
1.0
0
0.0
1
0
15
8
-1.0
1
2
15
4
2.0
0
0
0
0
0.0
0
0.0359046310186386
-0.0133526204153895
0.4950073957443237
0
0.0
0
0.0
2
3
15
6
-1.0
2
6
15
3
2.0
0
0
0
0
0.0
0
0.019230529665947
0.0
0.1860356032848358
1
1.0
0
0.0
6
0
6
6
-1.0
6
2
6
2
3.0
0
0
0
0
0.0
0
0.0134618300944567
-0.4270431101322174
0.1475695073604584
0
0.0
0
0.0
16
9
4
3
-1.0
16
10
4
1
3.0
0
0
0
0
0.0
0
0.0063534970395267
0.0
-0.5882459282875061
1
1.0
0
0.0
16
7
4
3
-1.0
16
8
4
1
3.0
0
0
0
0
0.0
0
0.004799874033778906
0.1396612972021103
-0.3694832026958466
0
0.0
0
0.0
15
10
2
2
-1.0
15
10
1
1
2.0
16
11
1
1
2.0
0
-0.0009789456380531192
0.431565910577774
0.0
0
0.0
1
1.0
13
11
2
3
-1.0
13
12
2
1
3.0
0
0
0
0
0.0
0
0.001853434019722044
-0.1905311048030853
0.2686879932880402
0
0.0
0
0.0
2
16
2
2
-1.0
2
16
1
2
2.0
0
0
0
0
0.0
1
0.0005596238188445568
0.0
-0.3054575026035309
1
1.0
0
0.0
3
0
4
7
-1.0
4
0
2
7
2.0
0
0
0
0
0.0
0
-0.008178778924047947
-0.7235335111618042
0.16197769343853
0
0.0
0
0.0
0
16
2
2
-1.0
0
16
1
1
2.0
1
17
1
1
2.0
0
-6.459183350671083e-5
0.0
-0.1612174957990646
1
1.0
0
0.0
2
0
18
3
-1.0
8
0
6
3
3.0
0
0
0
0
0.0
0
-0.004228238016366959
0.4244168102741241
-0.1148820966482162
0
0.0
0
0.0
0
1
1
3
-1.0
0
2
1
1
3.0
0
0
0
0
0.0
0
-0.003237939905375242
-0.8281142711639404
0.0
0
0.0
1
1.0
10
6
4
4
-1.0
10
7
4
2
2.0
0
0
0
0
0.0
0
-0.004776389803737402
0.3915700912475586
-0.0376774296164513
0
0.0
0
0.0
16
4
4
6
-1.0
16
4
2
3
2.0
18
7
2
3
2.0
0
-0.00611827289685607
0.3020882904529572
0.0
0
0.0
1
1.0
11
12
4
2
-1.0
11
12
2
1
2.0
13
13
2
1
2.0
0
0.003156579099595547
-0.19045789539814
0.3021968901157379
0
0.0
0
0.0
-1.808843970298767
