[Header]
20
10
10
16
20
16
20
24
30
34
38
38
42
44
48
48
56
52
58
68
64
[Nodes]
20x20
8
7
3
12
-1.0
8
11
3
4
3.0
0
0
0
0
0.0
0
-0.0482105500996113
0.0
-0.8614044785499573
1
1.0
0
0.0
8
7
8
3
-1.0
10
9
4
3
2.0
0
0
0
0
0.0
1
-0.041576199233532
0.9176905751228333
-0.2128400951623917
0
0.0
0
0.0
9
13
2
6
-1.0
9
16
2
3
2.0
0
0
0
0
0.0
0
0.009352868422865868
-0.697857677936554
0.0
0
0.0
1
1.0
8
2
12
8
-1.0
11
2
6
8
2.0
0
0
0
0
0.0
0
-0.0002214491978520527
0.7952337265014648
-0.4894809126853943
0
0.0
0
0.0
14
0
6
6
-1.0
14
3
6
3
2.0
0
0
0
0
0.0
0
-0.0218533501029015
0.7057464122772217
0.0
0
0.0
1
1.0
8
1
5
12
-1.0
8
4
5
6
2.0
0
0
0
0
0.0
0
0.0996729284524918
-0.70666241645813
0.7921097874641418
0
0.0
0
0.0
1
8
3
12
-1.0
1
12
3
4
3.0
0
0
0
0
0.0
0
-0.0216648206114769
0.0
-0.6089860796928406
1
1.0
0
0.0
0
11
2
7
-1.0
1
11
1
7
2.0
0
0
0
0
0.0
0
-0.0007568072760477662
0.7168570160865784
-0.30464568734169
0
0.0
0
0.0
6
12
9
7
-1.0
9
12
3
7
3.0
0
0
0
0
0.0
0
-0.0133330496028066
0.0
-0.4684469103813171
1
1.0
0
0.0
13
4
6
9
-1.0
15
4
2
9
3.0
0
0
0
0
0.0
0
0.00929252989590168
0.6423593163490295
-0.5118042826652527
0
0.0
0
0.0
-2.232552051544189
4
7
12
12
-1.0
8
11
4
4
9.0
0
0
0
0
0.0
0
-0.3394871950149536
0.779132604598999
0.0
0
0.0
1
1.0
15
0
4
20
-1.0
15
5
4
10
2.0
0
0
0
0
0.0
0
-0.1367247998714447
0.2642127871513367
-0.8791009187698364
0
0.0
0
0.0
0
12
5
8
-1.0
0
16
5
4
2.0
0
0
0
0
0.0
0
0.031394500285387
-0.6995670199394226
0.0
0
0.0
1
1.0
8
2
12
8
-1.0
12
2
4
8
3.0
0
0
0
0
0.0
0
-0.0108281401917338
0.7650449275970459
-0.4371921122074127
0
0.0
0
0.0
19
0
1
8
-1.0
19
4
1
4
2.0
0
0
0
0
0.0
0
-0.004250676836818457
0.0
-0.5756158232688904
1
1.0
0
0.0
9
7
3
12
-1.0
9
11
3
4
3.0
0
0
0
0
0.0
0
-0.0226754695177078
0.7408059239387512
-0.3667725026607513
0
0.0
0
0.0
1
2
8
8
-1.0
1
6
8
4
2.0
0
0
0
0
0.0
0
0.03916148096323
0.0
0.6404516100883484
1
1.0
0
0.0
0
12
4
4
-1.0
2
12
2
4
2.0
0
0
0
0
0.0
0
-0.003193408949300647
0.1604758948087692
-0.7101097702980042
0
0.0
0
0.0
9
7
6
8
-1.0
9
7
3
4
2.0
12
11
3
4
2.0
0
0.0253219902515411
0.0
0.4957486093044281
1
1.0
0
0.0
13
18
7
2
-1.0
13
19
7
1
2.0
0
0
0
0
0.0
0
0.0007758336723782122
-0.7173789739608765
-0.0185817703604698
0
0.0
0
0.0
-2.159801959991455
4
7
12
12
-1.0
8
11
4
4
9.0
0
0
0
0
0.0
0
-0.265540599822998
0.0
-0.8471245169639587
1
1.0
0
0.0
0
8
5
12
-1.0
0
12
5
4
3.0
0
0
0
0
0.0
0
-0.0225327797234058
0.879771888256073
-0.3339469134807587
0
0.0
0
0.0
16
0
4
8
-1.0
18
0
2
8
2.0
0
0
0
0
0.0
0
0.0008531006751582026
-0.8203244805336
0.0
0
0.0
1
1.0
16
12
1
8
-1.0
16
16
1
4
2.0
0
0
0
0
0.0
0
0.0001582024997333065
-0.7517635822296143
0.6776971220970154
0
0.0
0
0.0
9
1
9
9
-1.0
12
1
3
9
3.0
0
0
0
0
0.0
0
-0.000108374901174102
0.0
-0.8331400156021118
1
1.0
0
0.0
16
16
1
3
-1.0
15
17
1
1
3.0
0
0
0
0
0.0
1
0.002681026002392173
0.5384474992752075
-0.765341579914093
0
0.0
0
0.0
2
14
2
4
-1.0
2
16
2
2
2.0
0
0
0
0
0.0
0
0.0008520237170159817
-0.7751489877700806
0.0
0
0.0
1
1.0
6
12
9
3
-1.0
9
12
3
3
3.0
0
0
0
0
0.0
0
-0.0122417397797108
0.6324015259742737
-0.6339520812034607
0
0.0
0
0.0
0
18
5
2
-1.0
0
19
5
1
2.0
0
0
0
0
0.0
0
6.23141968389973e-5
0.0
0.4429041147232056
1
1.0
0
0.0
1
7
18
12
-1.0
7
11
6
4
9.0
0
0
0
0
0.0
0
-0.7191110849380493
0.8013592958450317
-0.5343109965324402
0
0.0
0
0.0
4
0
16
12
-1.0
4
0
8
6
2.0
12
6
8
6
2.0
0
-0.0242803394794464
0.0
-0.6779791712760925
1
1.0
0
0.0
8
3
2
5
-1.0
9
3
1
5
2.0
0
0
0
0
0.0
0
0.00345586403273046
0.4903061091899872
-0.884479820728302
0
0.0
0
0.0
17
17
1
2
-1.0
17
17
1
1
2.0
0
0
0
0
0.0
1
-6.299332744674757e-5
0.0
-0.5788341760635376
1
1.0
0
0.0
18
16
1
3
-1.0
17
17
1
1
3.0
0
0
0
0
0.0
1
-0.004644356202334166
-0.8587880730628967
0.5245460271835327
0
0.0
0
0.0
0
9
2
6
-1.0
1
9
1
6
2.0
0
0
0
0
0.0
0
-4.029932824778371e-5
0.0
-0.5271345973014832
1
1.0
0
0.0
3
3
3
4
-1.0
4
3
1
4
3.0
0
0
0
0
0.0
0
-0.003748551942408085
-0.8562619090080261
0.4894461035728455
0
0.0
0
0.0
-2.345115900039673
4
7
12
12
-1.0
8
11
4
4
9.0
0
0
0
0
0.0
0
-0.3837707936763763
0.7171502113342285
0.0
0
0.0
1
1.0
10
0
7
8
-1.0
10
4
7
4
2.0
0
0
0
0
0.0
0
-0.1383703052997589
0.3439235985279083
-0.7993127703666687
0
0.0
0
0.0
18
0
2
9
-1.0
19
0
1
9
2.0
0
0
0
0
0.0
0
0.0003310707106720656
-0.6835243105888367
0.0
0
0.0
1
1.0
4
13
1
4
-1.0
4
13
1
2
2.0
0
0
0
0
0.0
1
-0.005127343814820051
0.5825061798095703
-0.4095500111579895
0
0.0
0
0.0
10
8
6
2
-1.0
12
10
2
2
3.0
0
0
0
0
0.0
1
-0.026100680232048
0.0
-0.4371330142021179
1
1.0
0
0.0
14
11
4
7
-1.0
15
11
2
7
2.0
0
0
0
0
0.0
0
-0.001062897965312004
0.7068073749542236
-0.2681793868541718
0
0.0
0
0.0
4
0
13
8
-1.0
4
2
13
4
2.0
0
0
0
0
0.0
0
-0.0978548526763916
0.7394003868103027
0.0
0
0.0
1
1.0
9
1
7
8
-1.0
9
5
7
4
2.0
0
0
0
0
0.0
0
-0.118298202753067
0.6381418108940125
-0.387218713760376
0
0.0
0
0.0
7
0
12
9
-1.0
10
0
6
9
2.0
0
0
0
0
0.0
0
-0.00754090491682291
0.0
-0.4880301952362061
1
1.0
0
0.0
14
3
4
4
-1.0
15
3
2
4
2.0
0
0
0
0
0.0
0
0.002685165964066982
0.3908346891403198
-0.6556153893470764
0
0.0
0
0.0
0
16
4
4
-1.0
0
18
4
2
2.0
0
0
0
0
0.0
0
0.001687024021521211
-0.4989174902439117
0.0
0
0.0
1
1.0
3
17
2
1
-1.0
3
17
1
1
2.0
0
0
0
0
0.0
1
-0.003813616000115871
-0.66405588388443
0.4065074920654297
0
0.0
0
0.0
17
16
1
3
-1.0
16
17
1
1
3.0
0
0
0
0
0.0
1
0.0020289309322834
0.0
-0.6998921036720276
1
1.0
0
0.0
11
10
6
4
-1.0
10
11
6
2
2.0
0
0
0
0
0.0
1
-0.007630886975675821
0.432068407535553
-0.296649694442749
0
0.0
0
0.0
19
0
1
4
-1.0
19
2
1
2
2.0
0
0
0
0
0.0
0
-0.000338152312906459
0.0
-0.4680854082107544
1
1.0
0
0.0
17
0
3
3
-1.0
18
1
1
1
9.0
0
0
0
0
0.0
0
0.007516329176723957
0.3652149140834808
-0.7601454257965088
0
0.0
0
0.0
2
1
12
6
-1.0
2
4
12
3
2.0
0
0
0
0
0.0
0
0.0614795088768005
0.0
0.5699062943458557
1
1.0
0
0.0
19
2
1
16
-1.0
15
6
1
8
2.0
0
0
0
0
0.0
1
-0.046286579221487
0.2262506037950516
-0.4533078074455261
0
0.0
0
0.0
12
2
4
6
-1.0
13
2
2
6
2.0
0
0
0
0
0.0
0
0.004690355155617
0.0
-0.7728670835494995
1
1.0
0
0.0
11
3
3
3
-1.0
12
3
1
3
3.0
0
0
0
0
0.0
0
0.001880316995084286
0.2734912037849426
-0.6666783094406128
0
0.0
0
0.0
-2.343148946762085
1
7
18
12
-1.0
7
11
6
4
9.0
0
0
0
0
0.0
0
-0.5542067289352417
0.0
-0.6062026023864746
1
1.0
0
0.0
8
1
12
9
-1.0
12
1
4
9
3.0
0
0
0
0
0.0
0
-0.006932979915291071
0.785420298576355
-0.3552212119102478
0
0.0
0
0.0
18
0
2
10
-1.0
18
5
2
5
2.0
0
0
0
0
0.0
0
-0.0211699604988098
0.5294768810272217
0.0
0
0.0
1
1.0
4
5
12
15
-1.0
8
10
4
5
9.0
0
0
0
0
0.0
0
-0.6742839813232422
0.4606522023677826
-0.7005820870399475
0
0.0
0
0.0
1
8
4
12
-1.0
1
12
4
4
3.0
0
0
0
0
0.0
0
-0.0427250787615776
0.0
-0.59904807806015
1
1.0
0
0.0
6
13
8
2
-1.0
8
13
4
2
2.0
0
0
0
0
0.0
0
-0.0101093295961618
0.6810922026634216
-0.2073187977075577
0
0.0
0
0.0
16
0
4
15
-1.0
18
0
2
15
2.0
0
0
0
0
0.0
0
0.006586113013327122
-0.5242084860801697
0.0
0
0.0
1
1.0
14
0
4
8
-1.0
15
0
2
8
2.0
0
0
0
0
0.0
0
-0.007638041861355305
-0.701697826385498
0.4410013854503632
0
0.0
0
0.0
5
0
8
9
-1.0
5
3
8
3
3.0
0
0
0
0
0.0
0
-0.0976815819740295
0.57708740234375
0.0
0
0.0
1
1.0
8
0
6
6
-1.0
10
0
2
6
3.0
0
0
0
0
0.0
0
0.0101973600685596
-0.0985185503959656
-0.8811169862747192
0
0.0
0
0.0
10
17
3
3
-1.0
11
17
1
3
3.0
0
0
0
0
0.0
0
-0.002572454977780581
-0.8323333859443665
0.0
0
0.0
1
1.0
10
17
4
3
-1.0
11
17
2
3
2.0
0
0
0
0
0.0
0
0.002659423043951392
0.309953510761261
-0.816091775894165
0
0.0
0
0.0
14
12
4
4
-1.0
15
12
2
4
2.0
0
0
0
0
0.0
0
-0.001004272024147213
0.0
-0.4355852007865906
1
1.0
0
0.0
8
18
4
2
-1.0
9
18
2
2
2.0
0
0
0
0
0.0
0
0.002608000067994
0.3356660008430481
-0.8188933134078979
0
0.0
0
0.0
6
1
4
5
-1.0
7
1
2
5
2.0
0
0
0
0
0.0
0
0.004972450900822878
0.0
-0.7704818248748779
1
1.0
0
0.0
2
0
6
5
-1.0
4
0
2
5
3.0
0
0
0
0
0.0
0
0.0122432401403785
0.2253420054912567
-0.6869555115699768
0
0.0
0
0.0
-2.126837015151978
8
7
8
3
-1.0
10
9
4
3
2.0
0
0
0
0
0.0
1
-0.0577849298715591
0.0
-0.7051600813865662
1
1.0
0
0.0
14
12
4
3
-1.0
15
12
2
3
2.0
0
0
0
0
0.0
0
-0.001751780975610018
0.8565592169761658
-0.092403419315815
0
0.0
0
0.0
10
10
3
4
-1.0
9
11
3
2
2.0
0
0
0
0
0.0
1
-0.0115223797038198
0.0
-0.4274964034557343
1
1.0
0
0.0
17
0
2
6
-1.0
17
3
2
3
2.0
0
0
0
0
0.0
0
-0.003832376096397638
0.7591353058815002
-0.1089404970407486
0
0.0
0
0.0
1
9
6
9
-1.0
3
12
2
3
9.0
0
0
0
0
0.0
0
-0.0809223875403404
0.0
-0.31364768743515
1
1.0
0
0.0
5
11
8
4
-1.0
9
11
4
4
2.0
0
0
0
0
0.0
0
-0.006253701169043779
0.6999592185020447
-0.1180569007992744
0
0.0
0
0.0
1
0
16
6
-1.0
1
3
16
3
2.0
0
0
0
0
0.0
0
-0.1222786009311676
0.5207250118255615
0.0
0
0.0
1
1.0
2
0
14
6
-1.0
2
2
14
2
3.0
0
0
0
0
0.0
0
-0.0641681104898453
0.3927274942398071
-0.4219441115856171
0
0.0
0
0.0
0
11
2
9
-1.0
1
11
1
9
2.0
0
0
0
0
0.0
0
-0.0005371288862079382
0.0
-0.495245486497879
1
1.0
0
0.0
18
11
1
8
-1.0
18
11
1
4
2.0
0
0
0
0
0.0
1
-0.002817562082782388
0.4135014116764069
-0.3891927897930145
0
0.0
0
0.0
10
12
3
2
-1.0
11
12
1
2
3.0
0
0
0
0
0.0
0
-0.003636854933574796
0.6761502027511597
0.0
0
0.0
1
1.0
11
13
3
1
-1.0
12
13
1
1
3.0
0
0
0
0
0.0
0
-0.001322390977293253
0.4342699944972992
-0.3764213025569916
0
0.0
0
0.0
15
0
4
8
-1.0
17
0
2
8
2.0
0
0
0
0
0.0
0
0.0003714353952091187
-0.5563088059425354
0.0
0
0.0
1
1.0
12
17
4
3
-1.0
14
17
2
3
2.0
0
0
0
0
0.0
0
-0.005025571212172508
-0.5232859253883362
0.3464682102203369
0
0.0
0
0.0
15
17
1
2
-1.0
15
17
1
1
2.0
0
0
0
0
0.0
1
-9.271161252399907e-5
0.0
-0.496526688337326
1
1.0
0
0.0
15
16
1
3
-1.0
14
17
1
1
3.0
0
0
0
0
0.0
1
0.0019847028888762
0.3340164124965668
-0.6244689226150513
0
0.0
0
0.0
3
0
14
8
-1.0
3
2
14
4
2.0
0
0
0
0
0.0
0
0.0472034402191639
0.0
0.5756261944770813
1
1.0
0
0.0
18
1
1
2
-1.0
18
2
1
1
2.0
0
0
0
0
0.0
0
-6.856260006316006e-5
0.0261726602911949
-0.6084907054901123
0
0.0
0
0.0
6
0
8
3
-1.0
8
0
4
3
2.0
0
0
0
0
0.0
0
0.007503421977162361
0.0
-0.6857675909996033
1
1.0
0
0.0
9
4
1
9
-1.0
9
7
1
3
3.0
0
0
0
0
0.0
0
0.006383479107171297
-0.1731251031160355
0.3856042921543121
0
0.0
0
0.0
-2.060437917709351
6
13
9
2
-1.0
9
13
3
2
3.0
0
0
0
0
0.0
0
-0.0155844502151012
0.0
-0.6664896011352539
1
1.0
0
0.0
0
13
5
6
-1.0
0
16
5
3
2.0
0
0
0
0
0.0
0
0.0145570198073983
-0.4374513030052185
0.7222781777381897
0
0.0
0
0.0
13
12
6
4
-1.0
15
12
2
4
3.0
0
0
0
0
0.0
0
-0.005788988899439573
0.0
-0.4318324029445648
1
1.0
0
0.0
4
6
12
2
-1.0
8
10
4
2
3.0
0
0
0
0
0.0
1
-0.0819367691874504
0.6846765279769897
-0.2254672944545746
0
0.0
0
0.0
19
0
1
8
-1.0
19
4
1
4
2.0
0
0
0
0
0.0
0
-0.004299536813050508
0.0
-0.5240963101387024
1
1.0
0
0.0
8
2
12
8
-1.0
11
2
6
8
2.0
0
0
0
0
0.0
0
-0.0137366401031613
0.6162620782852173
-0.3589316010475159
0
0.0
0
0.0
0
12
4
4
-1.0
2
12
2
4
2.0
0
0
0
0
0.0
0
-0.004806991200894117
0.0
-0.4238238930702209
1
1.0
0
0.0
7
8
13
9
-1.0
7
11
13
3
3.0
0
0
0
0
0.0
0
-0.077131099998951
0.6059936285018921
-0.3155533075332642
0
0.0
0
0.0
18
1
2
6
-1.0
19
1
1
6
2.0
0
0
0
0
0.0
0
0.0004464020894374698
-0.4920611083507538
0.0
0
0.0
1
1.0
7
4
5
8
-1.0
7
6
5
4
2.0
0
0
0
0
0.0
0
0.0348415784537792
-0.0410178899765015
0.6133087873458862
0
0.0
0
0.0
11
18
9
2
-1.0
11
19
9
1
2.0
0
0
0
0
0.0
0
0.0008296904852613807
-0.4547941982746124
0.0
0
0.0
1
1.0
10
7
2
3
-1.0
11
7
1
3
2.0
0
0
0
0
0.0
0
-7.851012924220413e-5
0.4000732898712158
-0.2088876962661743
0
0.0
0
0.0
4
18
6
2
-1.0
6
18
2
2
3.0
0
0
0
0
0.0
0
0.004605468828231096
0.0
-0.6793137788772583
1
1.0
0
0.0
6
13
6
7
-1.0
8
13
2
7
3.0
0
0
0
0
0.0
0
-0.007190448231995106
0.4706067144870758
-0.1413861066102982
0
0.0
0
0.0
5
18
6
2
-1.0
7
18
2
2
3.0
0
0
0
0
0.0
0
-0.005572448018938303
-0.7052550911903381
0.0
0
0.0
1
1.0
18
5
2
2
-1.0
18
6
2
1
2.0
0
0
0
0
0.0
0
-0.0007045823731459677
0.36097851395607
-0.1836154013872147
0
0.0
0
0.0
6
2
9
4
-1.0
6
4
9
2
2.0
0
0
0
0
0.0
0
0.0185950603336096
0.0
0.4176576137542725
1
1.0
0
0.0
13
0
7
4
-1.0
13
0
7
2
2.0
0
0
0
0
0.0
1
0.0500725507736206
-0.4186944961547852
0.2818650901317596
0
0.0
0
0.0
13
9
3
6
-1.0
11
11
3
2
3.0
0
0
0
0
0.0
1
-0.0203559193760157
0.0
-0.3649415075778961
1
1.0
0
0.0
16
8
4
6
-1.0
16
11
4
3
2.0
0
0
0
0
0.0
0
-0.0286865197122097
-0.5386778712272644
0.3476788103580475
0
0.0
0
0.0
19
2
1
2
-1.0
19
3
1
1
2.0
0
0
0
0
0.0
0
-7.110169099178165e-5
0.0
-0.4015679061412811
1
1.0
0
0.0
19
1
1
3
-1.0
19
2
1
1
3.0
0
0
0
0
0.0
0
0.002068646950647235
0.3296366035938263
-0.7095105051994324
0
0.0
0
0.0
13
12
2
4
-1.0
13
12
1
2
2.0
14
14
1
2
2.0
0
0.00114309205673635
0.0
0.4417298138141632
1
1.0
0
0.0
14
9
3
5
-1.0
15
10
1
5
3.0
0
0
0
0
0.0
1
-0.008863603696227074
0.1842613071203232
-0.412751704454422
0
0.0
0
0.0
-2.318748950958252
8
7
8
3
-1.0
10
9
4
3
2.0
0
0
0
0
0.0
1
-0.077637642621994
0.0
-0.4932152926921844
1
1.0
0
0.0
7
7
9
4
-1.0
6
8
9
2
2.0
0
0
0
0
0.0
1
-0.008483082056045532
0.7813854217529297
-0.36062291264534
0
0.0
0
0.0
0
11
2
6
-1.0
1
11
1
6
2.0
0
0
0
0
0.0
0
-0.001718046027235687
0.0
-0.4769004881381989
1
1.0
0
0.0
0
13
5
6
-1.0
0
16
5
3
2.0
0
0
0
0
0.0
0
0.0247409492731094
-0.3242008090019226
0.5928000211715698
0
0.0
0
0.0
16
2
4
6
-1.0
18
2
2
6
2.0
0
0
0
0
0.0
0
0.003302810015156865
-0.5399159789085388
0.0
0
0.0
1
1.0
13
5
6
7
-1.0
15
7
2
7
3.0
0
0
0
0
0.0
1
-0.0346220396459103
0.5207672715187073
-0.3353079855442047
0
0.0
0
0.0
19
2
1
4
-1.0
19
4
1
2
2.0
0
0
0
0
0.0
0
-0.0007150577730499208
0.0
-0.4898169934749603
1
1.0
0
0.0
14
1
6
2
-1.0
16
1
2
2
3.0
0
0
0
0
0.0
0
-0.009014510549604893
-0.7796980142593384
0.3658635914325714
0
0.0
0
0.0
14
12
4
5
-1.0
15
12
2
5
2.0
0
0
0
0
0.0
0
-0.001025093952193856
0.0
-0.4697051048278809
1
1.0
0
0.0
18
15
2
3
-1.0
17
16
2
1
3.0
0
0
0
0
0.0
1
-0.00556931784376502
-0.6969562172889709
0.3502543866634369
0
0.0
0
0.0
14
16
3
4
-1.0
14
18
3
2
2.0
0
0
0
0
0.0
0
0.001323507050983608
-0.4470798075199127
0.0
0
0.0
1
1.0
16
16
1
2
-1.0
16
16
1
1
2.0
0
0
0
0
0.0
1
-0.003373794024810195
-0.5619515180587769
0.3183380961418152
0
0.0
0
0.0
18
0
1
2
-1.0
18
1
1
1
2.0
0
0
0
0
0.0
0
-6.409524212358519e-5
0.0
-0.3547363877296448
1
1.0
0
0.0
9
8
1
6
-1.0
9
11
1
3
2.0
0
0
0
0
0.0
0
-0.002729411935433745
0.41285240650177
-0.3141682147979736
0
0.0
0
0.0
18
5
2
1
-1.0
19
5
1
1
2.0
0
0
0
0
0.0
0
6.308765296125785e-5
-0.3594656884670258
0.0
0
0.0
1
1.0
14
3
6
4
-1.0
16
3
2
4
3.0
0
0
0
0
0.0
0
-0.0154360998421907
-0.6132907867431641
0.3430199921131134
0
0.0
0
0.0
8
18
4
2
-1.0
9
18
2
2
2.0
0
0
0
0
0.0
0
-0.002102501923218369
-0.7696225047111511
0.0
0
0.0
1
1.0
6
13
9
7
-1.0
9
13
3
7
3.0
0
0
0
0
0.0
0
-0.0168495699763298
0.3656980991363525
-0.2121037989854813
0
0.0
0
0.0
1
16
2
2
-1.0
1
17
2
1
2.0
0
0
0
0
0.0
0
5.684779898729175e-5
-0.4046655893325806
0.0
0
0.0
1
1.0
0
16
3
4
-1.0
0
17
3
2
2.0
0
0
0
0
0.0
0
0.005998448934406042
0.2850377857685089
-0.5875617861747742
0
0.0
0
0.0
8
1
4
5
-1.0
9
1
2
5
2.0
0
0
0
0
0.0
0
0.006138996221125126
0.0
-0.8718982934951782
1
1.0
0
0.0
10
1
6
9
-1.0
12
1
2
9
3.0
0
0
0
0
0.0
0
-0.000281174696283415
0.2518250942230225
-0.3186821937561035
0
0.0
0
0.0
10
8
10
4
-1.0
10
10
10
2
2.0
0
0
0
0
0.0
0
-0.004542979877442122
0.0
-0.3672421872615814
1
1.0
0
0.0
15
8
5
4
-1.0
15
10
5
2
2.0
0
0
0
0
0.0
0
-0.0321671105921268
-0.794812023639679
0.2888720035552979
0
0.0
0
0.0
17
1
3
2
-1.0
18
2
1
2
3.0
0
0
0
0
0.0
1
0.005091208964586258
0.0
-0.7147749066352844
1
1.0
0
0.0
13
11
3
5
-1.0
14
11
1
5
3.0
0
0
0
0
0.0
0
-0.001517307013273239
0.4451462924480438
-0.0952073410153389
0
0.0
0
0.0
8
7
4
3
-1.0
10
7
2
3
2.0
0
0
0
0
0.0
0
-0.0006007950869388878
0.0
-0.360214501619339
1
1.0
0
0.0
3
0
8
1
-1.0
5
0
4
1
2.0
0
0
0
0
0.0
0
0.004486854188144207
0.2827636003494263
-0.7208412885665894
0
0.0
0
0.0
1
13
6
5
-1.0
3
13
2
5
3.0
0
0
0
0
0.0
0
-0.003795784898102283
0.0
-0.28717440366745
1
1.0
0
0.0
13
9
3
5
-1.0
14
10
1
5
3.0
0
0
0
0
0.0
1
-0.009182999841868877
0.5047904253005981
-0.07078103721141819
0
0.0
0
0.0
-2.220375061035156
11
8
4
6
-1.0
9
10
4
2
3.0
0
0
0
0
0.0
1
-0.0557602494955063
0.0
-0.5585464835166931
1
1.0
0
0.0
11
7
6
6
-1.0
13
9
2
6
3.0
0
0
0
0
0.0
1
-0.0594366900622845
0.6894369721412659
-0.3719508051872253
0
0.0
0
0.0
7
0
7
6
-1.0
7
3
7
3
2.0
0
0
0
0
0.0
0
-0.0546371787786484
0.5304033160209656
0.0
0
0.0
1
1.0
3
1
10
12
-1.0
3
5
10
4
3.0
0
0
0
0
0.0
0
0.236083596944809
-0.4735530912876129
0.4632248878479004
0
0.0
0
0.0
13
12
6
4
-1.0
15
12
2
4
3.0
0
0
0
0
0.0
0
-0.009456050582230091
0.0
-0.3254477977752686
1
1.0
0
0.0
0
9
6
9
-1.0
2
12
2
3
9.0
0
0
0
0
0.0
0
-0.0531827099621296
0.6346856951713562
-0.2826836109161377
0
0.0
0
0.0
8
0
12
11
-1.0
12
0
4
11
3.0
0
0
0
0
0.0
0
-0.0106381997466087
0.0
-0.5577635169029236
1
1.0
0
0.0
13
11
1
8
-1.0
13
11
1
4
2.0
0
0
0
0
0.0
1
-0.0212070196866989
0.3904919028282166
-0.4211193025112152
0
0.0
0
0.0
19
4
1
2
-1.0
19
5
1
1
2.0
0
0
0
0
0.0
0
-5.673187843058258e-5
0.0
-0.418033093214035
1
1.0
0
0.0
2
15
1
2
-1.0
2
15
1
1
2.0
0
0
0
0
0.0
1
-0.0004497645131777972
0.3735578954219818
-0.3919964134693146
0
0.0
0
0.0
17
16
2
2
-1.0
17
16
2
1
2.0
0
0
0
0
0.0
1
0.002757467096671462
0.0
-0.7910463213920593
1
1.0
0
0.0
16
16
1
3
-1.0
15
17
1
1
3.0
0
0
0
0
0.0
1
0.002564941998571157
0.1925818026065826
-0.7534446120262146
0
0.0
0
0.0
5
11
3
2
-1.0
6
12
1
2
3.0
0
0
0
0
0.0
1
-0.009435936808586121
0.4483475089073181
0.0
0
0.0
1
1.0
4
11
2
2
-1.0
4
11
1
1
2.0
5
12
1
1
2.0
0
0.001413621008396149
-0.3387843072414398
0.4429191946983337
0
0.0
0
0.0
17
7
3
2
-1.0
18
8
1
2
3.0
0
0
0
0
0.0
1
0.003997635096311569
0.0
-0.6663758158683777
1
1.0
0
0.0
16
9
3
8
-1.0
16
11
3
4
2.0
0
0
0
0
0.0
0
-0.00152789696585387
0.3129239976406097
-0.2802799046039581
0
0.0
0
0.0
19
0
1
4
-1.0
19
2
1
2
2.0
0
0
0
0
0.0
0
-3.237663986510597e-5
0.0
-0.4667209088802338
1
1.0
0
0.0
19
0
1
3
-1.0
19
1
1
1
3.0
0
0
0
0
0.0
0
0.001632338971830904
0.2799555957317352
-0.6132150888442993
0
0.0
0
0.0
9
0
10
3
-1.0
14
0
5
3
2.0
0
0
0
0
0.0
0
0.007709621917456388
0.0
0.203525498509407
1
1.0
0
0.0
3
3
15
17
-1.0
8
3
5
17
3.0
0
0
0
0
0.0
0
-0.07859931886196141
0.0727269127964973
-0.6867709755897522
0
0.0
0
0.0
8
0
4
4
-1.0
9
0
2
4
2.0
0
0
0
0
0.0
0
-0.003658140078186989
-0.6807945966720581
0.0
0
0.0
1
1.0
1
11
8
1
-1.0
1
11
4
1
2.0
0
0
0
0
0.0
1
-0.0426121987402439
-0.8455178141593933
0.1599057018756866
0
0.0
0
0.0
4
10
2
4
-1.0
3
11
2
2
2.0
0
0
0
0
0.0
1
-0.000488227786263451
0.0
-0.47945699095726
1
1.0
0
0.0
4
17
4
3
-1.0
5
17
2
3
2.0
0
0
0
0
0.0
0
-0.004695114213973284
-0.8223428130149841
0.2043157964944839
0
0.0
0
0.0
18
7
2
1
-1.0
19
7
1
1
2.0
0
0
0
0
0.0
0
6.170634878799319e-5
-0.3174282014369965
0.0
0
0.0
1
1.0
2
7
18
3
-1.0
11
7
9
3
2.0
0
0
0
0
0.0
0
0.0138099100440741
0.3076930046081543
-0.4354496896266937
0
0.0
0
0.0
4
11
4
2
-1.0
4
11
2
1
2.0
6
12
2
1
2.0
0
-0.004218772985041142
0.6249998211860657
0.0
0
0.0
1
1.0
4
9
2
4
-1.0
4
11
2
2
2.0
0
0
0
0
0.0
0
-0.003954080864787102
0.1322520971298218
-0.3974510133266449
0
0.0
0
0.0
16
1
3
1
-1.0
17
2
1
1
3.0
0
0
0
0
0.0
1
0.002220353111624718
0.0
-0.6004533171653748
1
1.0
0
0.0
4
18
1
2
-1.0
4
19
1
1
2.0
0
0
0
0
0.0
0
6.280658271862194e-5
-0.2242998033761978
0.2976852059364319
0
0.0
0
0.0
9
18
4
2
-1.0
10
18
2
2
2.0
0
0
0
0
0.0
0
0.002329278970137239
0.0
-0.759820818901062
1
1.0
0
0.0
12
11
5
4
-1.0
11
12
5
2
2.0
0
0
0
0
0.0
1
-0.005371182225644588
0.2648491859436035
-0.2600553929805756
0
0.0
0
0.0
18
2
2
1
-1.0
19
2
1
1
2.0
0
0
0
0
0.0
0
6.478258728748187e-5
-0.3211930096149445
0.0
0
0.0
1
1.0
7
0
6
2
-1.0
9
0
2
2
3.0
0
0
0
0
0.0
0
0.0076606678776443
0.241764098405838
-0.8382272720336914
0
0.0
0
0.0
-2.175724983215332
6
13
8
2
-1.0
8
13
4
2
2.0
0
0
0
0
0.0
0
-0.0148482797667384
0.0
-0.5339112877845764
1
1.0
0
0.0
14
12
4
4
-1.0
15
12
2
4
2.0
0
0
0
0
0.0
0
-0.001606667996384203
0.7600271105766296
-0.2109173983335495
0
0.0
0
0.0
3
8
17
9
-1.0
3
11
17
3
3.0
0
0
0
0
0.0
0
-0.1565192043781281
0.0
-0.4281854927539825
1
1.0
0
0.0
0
12
4
3
-1.0
2
12
2
3
2.0
0
0
0
0
0.0
0
-0.005543977953493595
0.6562075018882751
-0.2294984012842178
0
0.0
0
0.0
8
3
12
6
-1.0
12
3
4
6
3.0
0
0
0
0
0.0
0
-0.0194483399391174
0.0
-0.4421252012252808
1
1.0
0
0.0
0
14
3
6
-1.0
0
17
3
3
2.0
0
0
0
0
0.0
0
0.00766530679538846
-0.3395059108734131
0.465872198343277
0
0.0
0
0.0
3
0
13
9
-1.0
3
3
13
3
3.0
0
0
0
0
0.0
0
-0.2114201039075851
0.5500797033309937
0.0
0
0.0
1
1.0
8
2
8
6
-1.0
8
5
8
3
2.0
0
0
0
0
0.0
0
-0.10628429800272
0.6828094720840454
-0.3098773956298828
0
0.0
0
0.0
1
11
18
3
-1.0
7
11
6
3
3.0
0
0
0
0
0.0
0
-0.0526535995304585
0.0
-0.348188191652298
1
1.0
0
0.0
16
17
1
2
-1.0
16
17
1
1
2.0
0
0
0
0
0.0
1
-5.352230073185638e-5
0.5056676268577576
-0.252295196056366
0
0.0
0
0.0
14
12
6
4
-1.0
16
12
2
4
3.0
0
0
0
0
0.0
0
-0.005797265097498894
0.3023801147937775
0.0
0
0.0
1
1.0
13
11
4
5
-1.0
14
11
2
5
2.0
0
0
0
0
0.0
0
-0.00374288996681571
0.2287323027849197
-0.48366579413414
0
0.0
0
0.0
19
3
1
2
-1.0
19
4
1
1
2.0
0
0
0
0
0.0
0
-5.2694038458867e-5
0.0
-0.3798896074295044
1
1.0
0
0.0
19
0
1
3
-1.0
19
1
1
1
3.0
0
0
0
0
0.0
0
-0.001198373967781663
-0.6744245290756226
0.2861126065254211
0
0.0
0
0.0
7
2
8
4
-1.0
7
4
8
2
2.0
0
0
0
0
0.0
0
0.0225447993725538
0.0
0.475657194852829
1
1.0
0
0.0
9
12
3
2
-1.0
10
12
1
2
3.0
0
0
0
0
0.0
0
0.003178393933922052
-0.2889334857463837
0.5550963878631592
0
0.0
0
0.0
15
8
3
2
-1.0
16
9
1
2
3.0
0
0
0
0
0.0
1
0.003474276978522539
0.0
-0.598265528678894
1
1.0
0
0.0
16
15
3
2
-1.0
16
15
3
1
2.0
0
0
0
0
0.0
1
-0.00814087875187397
-0.5593379139900208
0.2234921008348465
0
0.0
0
0.0
6
12
3
3
-1.0
7
12
1
3
3.0
0
0
0
0
0.0
0
-0.003023880999535322
0.4591797888278961
0.0
0
0.0
1
1.0
13
12
3
1
-1.0
14
13
1
1
3.0
0
0
0
0
0.0
1
-0.0059159598313272
0.6223490238189697
-0.2446815073490143
0
0.0
0
0.0
4
0
1
3
-1.0
3
1
1
1
3.0
0
0
0
0
0.0
1
0.002318443031981587
0.0
-0.6047807931900024
1
1.0
0
0.0
8
2
6
4
-1.0
10
2
2
4
3.0
0
0
0
0
0.0
0
0.007719820830971003
0.2100450992584229
-0.6433128118515015
0
0.0
0
0.0
15
15
2
3
-1.0
14
16
2
1
3.0
0
0
0
0
0.0
1
-0.005597332026809454
-0.7162581086158752
0.0
0
0.0
1
1.0
12
18
8
2
-1.0
12
19
8
1
2.0
0
0
0
0
0.0
0
0.0002032038028119132
-0.380180299282074
0.2133689969778061
0
0.0
0
0.0
7
12
6
7
-1.0
9
12
2
7
3.0
0
0
0
0
0.0
0
-0.003820538986474276
0.0
-0.3595725893974304
1
1.0
0
0.0
4
18
6
2
-1.0
6
18
2
2
3.0
0
0
0
0
0.0
0
0.004888333845883608
0.2647193074226379
-0.589966893196106
0
0.0
0
0.0
11
12
3
3
-1.0
12
12
1
3
3.0
0
0
0
0
0.0
0
-0.001333459047600627
0.3225848972797394
0.0
0
0.0
1
1.0
12
12
2
2
-1.0
13
12
1
2
2.0
0
0
0
0
0.0
0
-0.00154470803681761
0.3697105050086975
-0.3130857050418854
0
0.0
0
0.0
18
5
2
1
-1.0
19
5
1
1
2.0
0
0
0
0
0.0
0
7.51507468521595e-5
-0.3467453122138977
0.0
0
0.0
1
1.0
5
19
4
1
-1.0
6
19
2
1
2.0
0
0
0
0
0.0
0
-0.0011108840117231
-0.5747753977775574
0.29201140999794
0
0.0
0
0.0
0
11
5
2
-1.0
0
12
5
1
2.0
0
0
0
0
0.0
0
-0.0001688111951807514
0.0
-0.3604178130626678
1
1.0
0
0.0
18
0
2
2
-1.0
18
1
2
1
2.0
0
0
0
0
0.0
0
-0.0001281445001950487
0.3504320979118347
-0.2201405018568039
0
0.0
0
0.0
1
0
12
6
-1.0
1
2
12
2
3.0
0
0
0
0
0.0
0
0.0195469707250595
0.0
0.4129591882228851
1
1.0
0
0.0
1
1
6
1
-1.0
3
3
2
1
3.0
0
0
0
0
0.0
1
-0.011061180382967
0.2596271932125092
-0.34875950217247
0
0.0
0
0.0
16
9
3
1
-1.0
17
10
1
1
3.0
0
0
0
0
0.0
1
0.001814741990529
0.0
-0.5201988816261292
1
1.0
0
0.0
14
10
1
6
-1.0
12
12
1
2
3.0
0
0
0
0
0.0
1
-0.007172401063144207
0.2745266854763031
-0.2682884931564331
0
0.0
0
0.0
3
1
1
3
-1.0
2
2
1
1
3.0
0
0
0
0
0.0
1
0.002215818967670202
0.0
-0.5734090805053711
1
1.0
0
0.0
3
0
4
3
-1.0
2
1
4
1
3.0
0
0
0
0
0.0
1
-0.009685685858130455
-0.5802857279777527
0.18564410507679
0
0.0
0
0.0
-2.261878967285156
6
14
8
1
-1.0
8
14
4
1
2.0
0
0
0
0
0.0
0
-0.0120652196928859
0.6167957186698914
0.0
0
0.0
1
1.0
1
8
18
9
-1.0
7
11
6
3
9.0
0
0
0
0
0.0
0
-0.4906777143478394
0.1406393945217133
-0.5535774230957031
0
0.0
0
0.0
19
0
1
18
-1.0
19
6
1
6
3.0
0
0
0
0
0.0
0
-0.006658571772277355
0.0
-0.51332288980484
1
1.0
0
0.0
1
13
3
6
-1.0
1
16
3
3
2.0
0
0
0
0
0.0
0
0.0158275607973337
-0.363015204668045
0.4334334135055542
0
0.0
0
0.0
6
10
7
3
-1.0
6
11
7
1
3.0
0
0
0
0
0.0
0
-0.0140811800956726
0.5422372221946716
0.0
0
0.0
1
1.0
6
9
7
3
-1.0
6
10
7
1
3.0
0
0
0
0
0.0
0
-0.012139449827373
0.4428128898143768
-0.3417111933231354
0
0.0
0
0.0
14
1
6
8
-1.0
17
1
3
8
2.0
0
0
0
0
0.0
0
0.00780557980760932
-0.4865975975990295
0.0
0
0.0
1
1.0
9
6
2
4
-1.0
10
6
1
4
2.0
0
0
0
0
0.0
0
-7.0759910158813e-5
0.3481867909431458
-0.3280673921108246
0
0.0
0
0.0
6
11
7
2
-1.0
6
12
7
1
2.0
0
0
0
0
0.0
0
-0.0181996300816536
0.5659415125846863
0.0
0
0.0
1
1.0
17
11
3
6
-1.0
18
12
1
6
3.0
0
0
0
0
0.0
1
-0.002528938930481672
0.113100603222847
-0.4077238142490387
0
0.0
0
0.0
19
17
1
2
-1.0
19
17
1
1
2.0
0
0
0
0
0.0
1
0.001015699002891779
0.0
-0.598429799079895
1
1.0
0
0.0
16
9
4
2
-1.0
17
10
2
2
2.0
0
0
0
0
0.0
1
0.0002943266008514911
0.2843945026397705
-0.3219023048877716
0
0.0
0
0.0
6
18
4
2
-1.0
7
18
2
2
2.0
0
0
0
0
0.0
0
0.002086529042571783
0.0
-0.7828571200370789
1
1.0
0
0.0
2
12
4
4
-1.0
3
12
2
4
2.0
0
0
0
0
0.0
0
-0.00173715699929744
0.3358530104160309
-0.2058237046003342
0
0.0
0
0.0
19
2
1
2
-1.0
19
3
1
1
2.0
0
0
0
0
0.0
0
-7.002620259299874e-5
0.0
-0.3910934925079346
1
1.0
0
0.0
19
2
1
3
-1.0
19
3
1
1
3.0
0
0
0
0
0.0
0
-0.001489154994487762
-0.4695341885089874
0.2760924100875854
0
0.0
0
0.0
1
12
12
3
-1.0
7
12
6
3
2.0
0
0
0
0
0.0
0
-0.0117884296923876
0.0
-0.401141494512558
1
1.0
0
0.0
6
18
4
1
-1.0
7
18
2
1
2.0
0
0
0
0
0.0
0
-0.001515508978627622
-0.7429047822952271
0.2769562900066376
0
0.0
0
0.0
5
2
12
6
-1.0
5
5
12
3
2.0
0
0
0
0
0.0
0
0.0683967173099518
0.0
0.4523564875125885
1
1.0
0
0.0
9
1
6
6
-1.0
9
4
6
3
2.0
0
0
0
0
0.0
0
-0.0764414072036743
0.4284816980361938
-0.3163630962371826
0
0.0
0
0.0
7
0
11
9
-1.0
7
3
11
3
3.0
0
0
0
0
0.0
0
0.0683102011680603
0.0
0.5140427947044373
1
1.0
0
0.0
2
0
8
9
-1.0
2
3
8
3
3.0
0
0
0
0
0.0
0
-0.0645080134272575
0.1808187067508698
-0.3421795070171356
0
0.0
0
0.0
5
3
4
3
-1.0
6
3
2
3
2.0
0
0
0
0
0.0
0
-0.002833571983501315
-0.6950976848602295
0.0
0
0.0
1
1.0
0
18
3
2
-1.0
0
19
3
1
2.0
0
0
0
0
0.0
0
-0.00099732237868011
-0.4372459053993225
0.2022608071565628
0
0.0
0
0.0
1
0
10
19
-1.0
6
0
5
19
2.0
0
0
0
0
0.0
0
-0.2286991029977798
0.6466220021247864
0.0
0
0.0
1
1.0
3
8
2
3
-1.0
2
9
2
1
3.0
0
0
0
0
0.0
1
0.002985524944961071
0.00811497587710619
-0.6021029949188232
0
0.0
0
0.0
10
17
4
3
-1.0
11
17
2
3
2.0
0
0
0
0
0.0
0
-0.002953598974272609
-0.7201312780380249
0.0
0
0.0
1
1.0
11
13
3
2
-1.0
12
13
1
2
3.0
0
0
0
0
0.0
0
-0.002122561912983656
0.5087562203407288
-0.0593666099011898
0
0.0
0
0.0
10
12
3
2
-1.0
11
12
1
2
3.0
0
0
0
0
0.0
0
-0.002938281977549195
0.39287531375885
0.0
0
0.0
1
1.0
9
11
3
3
-1.0
10
11
1
3
3.0
0
0
0
0
0.0
0
-0.005896147806197405
0.4186604022979736
-0.2540551126003265
0
0.0
0
0.0
17
2
3
1
-1.0
18
3
1
1
3.0
0
0
0
0
0.0
1
0.002573092933744192
0.0
-0.5870727896690369
1
1.0
0
0.0
12
0
6
13
-1.0
14
0
2
13
3.0
0
0
0
0
0.0
0
0.0166477393358946
0.1920848041772842
-0.6038894057273865
0
0.0
0
0.0
16
0
3
1
-1.0
17
1
1
1
3.0
0
0
0
0
0.0
1
0.002404184080660343
0.0
-0.5719233751296997
1
1.0
0
0.0
5
11
1
2
-1.0
5
12
1
1
2.0
0
0
0
0
0.0
0
-0.0009045283077284694
0.3486076891422272
-0.1304924041032791
0
0.0
0
0.0
2
11
4
2
-1.0
2
11
2
1
2.0
4
12
2
1
2.0
0
0.004081421066075563
0.0
0.5177801847457886
1
1.0
0
0.0
16
15
2
3
-1.0
15
16
2
1
3.0
0
0
0
0
0.0
1
0.003381147980690002
-0.00638285418972373
-0.6144781708717346
0
0.0
0
0.0
8
17
4
2
-1.0
9
17
2
2
2.0
0
0
0
0
0.0
0
-0.002749934094026685
-0.6540778875350952
0.0
0
0.0
1
1.0
0
16
4
3
-1.0
0
17
4
1
3.0
0
0
0
0
0.0
0
-0.004820771049708128
-0.6002961993217468
0.1437458992004395
0
0.0
0
0.0
-2.099478006362915
9
13
6
2
-1.0
12
13
3
2
2.0
0
0
0
0
0.0
0
0.007971012033522129
-0.619922399520874
0.0
0
0.0
1
1.0
2
14
1
2
-1.0
2
14
1
1
2.0
0
0
0
0
0.0
1
-0.0009716086788102984
0.5487716197967529
-0.4060696065425873
0
0.0
0
0.0
5
10
8
3
-1.0
5
11
8
1
3.0
0
0
0
0
0.0
0
-0.0109458696097136
0.4693686962127686
0.0
0
0.0
1
1.0
15
0
3
8
-1.0
13
2
3
4
2.0
0
0
0
0
0.0
1
-0.0611748211085796
0.30570849776268
-0.444598913192749
0
0.0
0
0.0
14
11
4
7
-1.0
15
11
2
7
2.0
0
0
0
0
0.0
0
-0.002310015028342605
0.0
-0.3781644105911255
1
1.0
0
0.0
3
11
15
4
-1.0
8
11
5
4
3.0
0
0
0
0
0.0
0
-0.0475850515067577
0.4886583983898163
-0.2972886860370636
0
0.0
0
0.0
9
1
9
9
-1.0
12
1
3
9
3.0
0
0
0
0
0.0
0
-0.002594427904114127
0.0
-0.5440536737442017
1
1.0
0
0.0
0
11
4
7
-1.0
2
11
2
7
2.0
0
0
0
0
0.0
0
-0.003946937154978514
0.3638249039649963
-0.3046984970569611
0
0.0
0
0.0
0
16
1
4
-1.0
0
18
1
2
2.0
0
0
0
0
0.0
0
0.0003187156980857253
-0.4682297110557556
0.0
0
0.0
1
1.0
19
0
1
6
-1.0
19
3
1
3
2.0
0
0
0
0
0.0
0
-0.002665572101250291
0.3313196897506714
-0.2991823852062225
0
0.0
0
0.0
11
8
9
9
-1.0
11
11
9
3
3.0
0
0
0
0
0.0
0
-0.0395346507430077
0.0
-0.3531683087348938
1
1.0
0
0.0
9
17
8
3
-1.0
11
17
4
3
2.0
0
0
0
0
0.0
0
-0.0009408561163581908
0.444471001625061
-0.1108866035938263
0
0.0
0
0.0
18
4
2
2
-1.0
19
4
1
2
2.0
0
0
0
0
0.0
0
6.952630792511627e-5
-0.3940326869487762
0.0
0
0.0
1
1.0
8
11
3
3
-1.0
9
12
1
1
9.0
0
0
0
0
0.0
0
-0.009697668254375458
0.5718188881874084
-0.0163709502667189
0
0.0
0
0.0
13
2
3
4
-1.0
13
2
3
2
2.0
0
0
0
0
0.0
1
0.0394690409302711
0.0
0.6915212273597717
1
1.0
0
0.0
4
6
16
3
-1.0
12
6
8
3
2.0
0
0
0
0
0.0
0
-0.008281104266643524
0.1334999054670334
-0.4706448018550873
0
0.0
0
0.0
10
12
1
3
-1.0
9
13
1
1
3.0
0
0
0
0
0.0
1
-0.004321972839534283
0.3823925852775574
0.0
0
0.0
1
1.0
8
12
3
3
-1.0
9
13
1
1
9.0
0
0
0
0
0.0
0
-0.005543604027479887
0.1564587950706482
-0.4108820855617523
0
0.0
0
0.0
17
17
1
2
-1.0
17
17
1
1
2.0
0
0
0
0
0.0
1
-5.995334140607156e-5
0.0
-0.3922179937362671
1
1.0
0
0.0
16
16
2
2
-1.0
16
16
2
1
2.0
0
0
0
0
0.0
1
-0.005908937193453312
-0.5908386707305908
0.2792448103427887
0
0.0
0
0.0
6
0
9
6
-1.0
6
2
9
2
3.0
0
0
0
0
0.0
0
-0.0447213910520077
0.4145449101924896
0.0
0
0.0
1
1.0
5
0
10
8
-1.0
5
2
10
4
2.0
0
0
0
0
0.0
0
0.0412670187652111
-0.3224200904369354
0.3784987926483154
0
0.0
0
0.0
17
5
2
1
-1.0
18
5
1
1
2.0
0
0
0
0
0.0
0
5.672870975104161e-5
-0.3222804069519043
0.0
0
0.0
1
1.0
11
0
9
9
-1.0
14
0
3
9
3.0
0
0
0
0
0.0
0
-0.0624278709292412
-0.5966644883155823
0.2891578078269958
0
0.0
0
0.0
6
9
7
3
-1.0
6
10
7
1
3.0
0
0
0
0
0.0
0
-0.005699412897229195
0.3749934136867523
0.0
0
0.0
1
1.0
3
12
6
2
-1.0
3
12
3
1
2.0
6
13
3
1
2.0
0
0.007520291022956371
-0.2813245952129364
0.5098885893821716
0
0.0
0
0.0
2
10
1
2
-1.0
2
10
1
1
2.0
0
0
0
0
0.0
1
-0.003364054951816797
-0.6397820711135864
0.0
0
0.0
1
1.0
13
15
2
3
-1.0
12
16
2
1
3.0
0
0
0
0
0.0
1
-0.006807664874941111
-0.7310581803321838
0.1447525024414062
0
0.0
0
0.0
7
2
6
5
-1.0
9
2
2
5
3.0
0
0
0
0
0.0
0
0.0126334596425295
0.0
-0.7772529721260071
1
1.0
0
0.0
13
13
6
3
-1.0
15
13
2
3
3.0
0
0
0
0
0.0
0
-0.002919991966336966
0.232585996389389
-0.20490600168705
0
0.0
0
0.0
17
9
3
8
-1.0
17
11
3
4
2.0
0
0
0
0
0.0
0
-0.0305822491645813
-0.6573882102966309
0.0
0
0.0
1
1.0
8
3
4
3
-1.0
9
3
2
3
2.0
0
0
0
0
0.0
0
-0.002779616974294186
-0.5488834977149963
0.1383789032697678
0
0.0
0
0.0
15
6
2
12
-1.0
15
6
1
12
2.0
0
0
0
0
0.0
1
-0.007616308052092791
-0.3591234982013702
0.0
0
0.0
1
1.0
11
14
4
2
-1.0
11
14
4
1
2.0
0
0
0
0
0.0
1
-0.001840956043452024
0.2240446954965591
-0.3788186013698578
0
0.0
0
0.0
9
2
5
4
-1.0
9
4
5
2
2.0
0
0
0
0
0.0
0
-0.0392002612352371
0.5009055137634277
0.0
0
0.0
1
1.0
13
12
3
3
-1.0
14
12
1
3
3.0
0
0
0
0
0.0
0
-0.002254378981888294
0.3136400878429413
-0.2213186025619507
0
0.0
0
0.0
18
1
2
3
-1.0
18
2
2
1
3.0
0
0
0
0
0.0
0
0.002389465924352407
0.0
-0.5869951248168945
1
1.0
0
0.0
5
13
4
1
-1.0
6
13
2
1
2.0
0
0
0
0
0.0
0
-0.0010725490283221
0.4714120924472809
-0.0325704887509346
0
0.0
0
0.0
5
10
2
2
-1.0
5
10
2
1
2.0
0
0
0
0
0.0
1
8.909533789847046e-5
-0.3044430911540985
0.0
0
0.0
1
1.0
2
11
1
2
-1.0
2
11
1
1
2.0
0
0
0
0
0.0
1
0.001692004967480898
0.3028089106082916
-0.3890272974967957
0
0.0
0
0.0
18
3
2
6
-1.0
18
5
2
2
3.0
0
0
0
0
0.0
0
0.0117840003222227
0.0
-0.6899343729019165
1
1.0
0
0.0
10
4
6
2
-1.0
10
5
6
1
2.0
0
0
0
0
0.0
0
0.003933591768145561
-0.067763939499855
0.4649978876113892
0
0.0
0
0.0
-2.125418901443481
11
13
6
2
-1.0
13
13
2
2
3.0
0
0
0
0
0.0
0
0.0114308400079608
-0.392745703458786
0.0
0
0.0
1
1.0
9
11
3
4
-1.0
9
11
3
2
2.0
0
0
0
0
0.0
1
-0.0322429202497005
0.6556879878044128
-0.3106881082057953
0
0.0
0
0.0
0
11
2
5
-1.0
1
11
1
5
2.0
0
0
0
0
0.0
0
-0.001838276046328247
0.0
-0.4082506895065308
1
1.0
0
0.0
0
8
20
9
-1.0
0
11
20
3
3.0
0
0
0
0
0.0
0
-0.1076439991593361
0.4328007996082306
-0.4226345121860504
0
0.0
0
0.0
18
0
1
6
-1.0
18
3
1
3
2.0
0
0
0
0
0.0
0
-0.002386609092354774
0.0
-0.464352011680603
1
1.0
0
0.0
14
1
6
7
-1.0
17
1
3
7
2.0
0
0
0
0
0.0
0
0.008658621460199356
-0.4067307114601135
0.4126786887645721
0
0.0
0
0.0
4
13
2
4
-1.0
4
13
1
2
2.0
5
15
1
2
2.0
0
-0.001643722993321717
0.0
-0.2134404927492142
1
1.0
0
0.0
1
9
18
6
-1.0
7
9
6
6
3.0
0
0
0
0
0.0
0
-0.0985111370682716
0.6843231916427612
-0.09703501313924789
0
0.0
0
0.0
0
16
5
4
-1.0
0
18
5
2
2.0
0
0
0
0
0.0
0
0.004429236054420471
-0.3949891030788422
0.0
0
0.0
1
1.0
8
14
3
4
-1.0
8
15
3
2
2.0
0
0
0
0
0.0
0
0.004696621093899012
-0.1134598031640053
0.4968199133872986
0
0.0
0
0.0
7
7
8
3
-1.0
11
7
4
3
2.0
0
0
0
0
0.0
0
-0.008848070167005062
0.0
-0.3129310011863708
1
1.0
0
0.0
12
3
4
7
-1.0
13
3
2
7
2.0
0
0
0
0
0.0
0
-0.00672583794221282
-0.6163579225540161
0.3176476955413818
0
0.0
0
0.0
13
12
2
8
-1.0
13
12
1
4
2.0
14
16
1
4
2.0
0
0.00200520409271121
0.0
0.3172427117824554
1
1.0
0
0.0
13
10
3
5
-1.0
14
11
1
5
3.0
0
0
0
0
0.0
1
-0.0134073402732611
0.1973506063222885
-0.3719918131828308
0
0.0
0
0.0
10
5
4
5
-1.0
11
5
2
5
2.0
0
0
0
0
0.0
0
-0.004419967997819185
-0.5716447830200195
0.0
0
0.0
1
1.0
2
11
18
2
-1.0
8
11
6
2
3.0
0
0
0
0
0.0
0
-0.0328009389340878
0.3059993088245392
-0.1739796996116638
0
0.0
0
0.0
2
0
1
2
-1.0
2
0
1
1
2.0
0
0
0
0
0.0
1
4.94079795316793e-5
-0.2827053070068359
0.0
0
0.0
1
1.0
2
0
1
2
-1.0
2
0
1
1
2.0
0
0
0
0
0.0
1
0.004155016969889402
0.2968680858612061
-0.4849430918693542
0
0.0
0
0.0
15
17
1
2
-1.0
15
17
1
1
2.0
0
0
0
0
0.0
1
-7.55899673094973e-5
0.0
-0.3853113949298859
1
1.0
0
0.0
17
16
1
3
-1.0
16
17
1
1
3.0
0
0
0
0
0.0
1
-0.003214773023501039
-0.6330680847167969
0.2343475073575974
0
0.0
0
0.0
18
0
2
10
-1.0
19
0
1
10
2.0
0
0
0
0
0.0
0
0.00160217797383666
-0.2957904934883118
0.0
0
0.0
1
1.0
14
2
6
7
-1.0
16
2
2
7
3.0
0
0
0
0
0.0
0
-0.0194780193269253
-0.4962520897388458
0.2609257996082306
0
0.0
0
0.0
12
0
4
4
-1.0
12
0
4
2
2.0
0
0
0
0
0.0
1
-0.0251937508583069
0.3938488066196442
0.0
0
0.0
1
1.0
0
3
15
6
-1.0
0
5
15
2
3.0
0
0
0
0
0.0
0
-0.0464877299964428
0.22168830037117
-0.2969174087047577
0
0.0
0
0.0
5
1
4
4
-1.0
6
1
2
4
2.0
0
0
0
0
0.0
0
0.004341426771134138
0.0
-0.6766117811203003
1
1.0
0
0.0
7
13
6
7
-1.0
9
13
2
7
3.0
0
0
0
0
0.0
0
-0.002488675992935896
0.2050992995500565
-0.2977114021778107
0
0.0
0
0.0
6
18
6
2
-1.0
8
18
2
2
3.0
0
0
0
0
0.0
0
-0.005882726982235909
-0.6130179762840271
0.0
0
0.0
1
1.0
0
15
5
2
-1.0
0
16
5
1
2.0
0
0
0
0
0.0
0
0.0009049889049492776
-0.3402321934700012
0.1816820949316025
0
0.0
0
0.0
4
1
12
6
-1.0
4
3
12
2
3.0
0
0
0
0
0.0
0
-0.09833890199661249
0.4772956967353821
0.0
0
0.0
1
1.0
5
0
13
8
-1.0
5
2
13
4
2.0
0
0
0
0
0.0
0
0.0561418086290359
-0.2290443927049637
0.3441008925437927
0
0.0
0
0.0
13
10
6
6
-1.0
15
12
2
2
9.0
0
0
0
0
0.0
0
-0.005578713025897741
0.0
-0.3591017127037048
1
1.0
0
0.0
15
9
3
1
-1.0
16
10
1
1
3.0
0
0
0
0
0.0
1
0.001510875998064876
0.2490043044090271
-0.4379807114601135
0
0.0
0
0.0
5
11
3
3
-1.0
6
12
1
1
9.0
0
0
0
0
0.0
0
-0.006012973841279745
0.3116418123245239
0.0
0
0.0
1
1.0
6
11
2
2
-1.0
6
11
1
1
2.0
7
12
1
1
2.0
0
-0.0007934119203127921
0.2675966024398804
-0.3680290877819061
0
0.0
0
0.0
17
3
3
2
-1.0
18
4
1
2
3.0
0
0
0
0
0.0
1
0.0061855330131948
0.0
-0.7215331792831421
1
1.0
0
0.0
16
3
3
3
-1.0
17
4
1
3
3.0
0
0
0
0
0.0
1
-0.007378506008535624
-0.5371438264846802
0.1382489055395126
0
0.0
0
0.0
12
13
3
1
-1.0
13
13
1
1
3.0
0
0
0
0
0.0
0
-0.0006748873274773359
0.3740605115890503
0.0
0
0.0
1
1.0
11
12
3
2
-1.0
12
12
1
2
3.0
0
0
0
0
0.0
0
-0.001310209976509213
0.1900379061698914
-0.3163227140903473
0
0.0
0
0.0
10
0
1
2
-1.0
10
0
1
1
2.0
0
0
0
0
0.0
1
0.0004945321124978364
-0.2328317016363144
0.0
0
0.0
1
1.0
17
13
1
6
-1.0
17
13
1
3
2.0
0
0
0
0
0.0
1
0.001282469020225108
0.3046380877494812
-0.4809210896492004
0
0.0
0
0.0
16
14
2
4
-1.0
16
14
2
2
2.0
0
0
0
0
0.0
1
-0.02262482047081
-0.6878347992897034
0.0
0
0.0
1
1.0
3
0
4
3
-1.0
4
0
2
3
2.0
0
0
0
0
0.0
0
0.004368524998426437
0.1240309029817581
-0.7922073006629944
0
0.0
0
0.0
6
0
14
1
-1.0
13
0
7
1
2.0
0
0
0
0
0.0
0
0.005675648804754019
0.0
0.1761142015457153
1
1.0
0
0.0
2
15
18
5
-1.0
8
15
6
5
3.0
0
0
0
0
0.0
0
-0.0817692130804062
0.3894216120243073
-0.4509401023387909
0
0.0
0
0.0
-2.061475992202759
6
11
8
5
-1.0
8
11
4
5
2.0
0
0
0
0
0.0
0
-0.0200035497546196
0.0
-0.5665075182914734
1
1.0
0
0.0
0
8
5
12
-1.0
0
11
5
6
2.0
0
0
0
0
0.0
0
-0.0326212085783482
0.5080708265304565
-0.4534570872783661
0
0.0
0
0.0
14
0
6
2
-1.0
14
0
6
1
2.0
0
0
0
0
0.0
1
0.0106681399047375
-0.3231683969497681
0.0
0
0.0
1
1.0
13
8
4
5
-1.0
14
9
2
5
2.0
0
0
0
0
0.0
1
-0.0162766892462969
0.6018949747085571
-0.2405951023101807
0
0.0
0
0.0
0
11
4
9
-1.0
2
11
2
9
2.0
0
0
0
0
0.0
0
-0.002821120899170637
0.0
-0.4718115031719208
1
1.0
0
0.0
6
9
2
6
-1.0
6
11
2
2
3.0
0
0
0
0
0.0
0
-0.0142911802977324
0.5128008723258972
-0.1074400022625923
0
0.0
0
0.0
12
18
4
2
-1.0
12
19
4
1
2.0
0
0
0
0
0.0
0
0.001012041000649333
-0.3884469866752625
0.0
0
0.0
1
1.0
14
13
6
2
-1.0
16
13
2
2
3.0
0
0
0
0
0.0
0
-0.005982267204672098
0.4692885875701904
-0.0913559198379517
0
0.0
0
0.0
19
9
1
10
-1.0
19
9
1
5
2.0
0
0
0
0
0.0
1
-0.002470569917932153
0.0
-0.4596441090106964
1
1.0
0
0.0
11
5
4
4
-1.0
12
5
2
4
2.0
0
0
0
0
0.0
0
0.002407985972240567
0.2183067053556442
-0.5937340259552002
0
0.0
0
0.0
14
12
3
5
-1.0
15
12
1
5
3.0
0
0
0
0
0.0
0
-0.001431226963177323
0.0
-0.2473167032003403
1
1.0
0
0.0
17
0
2
6
-1.0
18
0
1
6
2.0
0
0
0
0
0.0
0
0.0002914181095547974
-0.2597224116325378
0.3820636868476868
0
0.0
0
0.0
13
16
3
3
-1.0
14
16
1
3
3.0
0
0
0
0
0.0
0
-0.003281881101429462
-0.7718012928962708
0.0
0
0.0
1
1.0
19
0
1
4
-1.0
19
2
1
2
2.0
0
0
0
0
0.0
0
-0.00103659403976053
0.2356985956430435
-0.2206770032644272
0
0.0
0
0.0
6
13
4
2
-1.0
7
13
2
2
2.0
0
0
0
0
0.0
0
-0.002207840094342828
0.3088611960411072
0.0
0
0.0
1
1.0
9
11
3
3
-1.0
10
11
1
3
3.0
0
0
0
0
0.0
0
0.003523933934047818
-0.284960001707077
0.4754430055618286
0
0.0
0
0.0
14
15
2
3
-1.0
13
16
2
1
3.0
0
0
0
0
0.0
1
-0.006177480798214674
-0.7031838297843933
0.0
0
0.0
1
1.0
11
7
3
4
-1.0
12
7
1
4
3.0
0
0
0
0
0.0
0
-0.003202361986041069
-0.5136131048202515
0.1565625965595245
0
0.0
0
0.0
5
12
1
3
-1.0
4
13
1
1
3.0
0
0
0
0
0.0
1
-0.0008700360194779932
0.0
-0.2992512881755829
1
1.0
0
0.0
1
11
6
2
-1.0
1
11
3
1
2.0
4
12
3
1
2.0
0
-0.00380799500271678
0.552156388759613
-0.0008060804102569818
0
0.0
0
0.0
5
7
2
3
-1.0
4
8
2
1
3.0
0
0
0
0
0.0
1
0.004999421071261168
0.0
-0.4354174137115479
1
1.0
0
0.0
5
12
2
2
-1.0
5
12
1
1
2.0
6
13
1
1
2.0
0
-0.00103231705725193
0.5499215126037598
-0.005077076144516468
0
0.0
0
0.0
8
8
4
3
-1.0
8
9
4
1
3.0
0
0
0
0
0.0
0
0.006921561900526285
0.0
0.3390001058578491
1
1.0
0
0.0
7
8
5
3
-1.0
7
9
5
1
3.0
0
0
0
0
0.0
0
-0.00815783254802227
0.3435488939285278
-0.2448388934135437
0
0.0
0
0.0
6
19
4
1
-1.0
7
19
2
1
2.0
0
0
0
0
0.0
0
-0.001615955960005522
-0.7465370297431946
0.0
0
0.0
1
1.0
5
0
4
4
-1.0
6
0
2
4
2.0
0
0
0
0
0.0
0
0.004716583993285894
0.1185505986213684
-0.7180386781692505
0
0.0
0
0.0
4
0
16
8
-1.0
8
0
8
8
2.0
0
0
0
0
0.0
0
-0.0160931199789047
0.0
-0.3298721015453339
1
1.0
0
0.0
12
11
3
4
-1.0
11
12
3
2
2.0
0
0
0
0
0.0
1
-0.005986161064356565
0.3126398026943207
-0.2319402992725372
0
0.0
0
0.0
0
4
20
6
-1.0
5
4
10
6
2.0
0
0
0
0
0.0
0
0.0641226172447205
0.0
0.4623914957046509
1
1.0
0
0.0
13
2
2
4
-1.0
13
2
2
2
2.0
0
0
0
0
0.0
1
0.0215181596577168
-0.2427732050418854
0.4096390902996063
0
0.0
0
0.0
0
5
14
15
-1.0
7
5
7
15
2.0
0
0
0
0
0.0
0
-0.2854138016700745
0.4452179968357086
0.0
0
0.0
1
1.0
1
18
3
2
-1.0
1
19
3
1
2.0
0
0
0
0
0.0
0
0.0002737255999818444
-0.4730761051177979
0.07673972100019449
0
0.0
0
0.0
3
6
3
3
-1.0
2
7
3
1
3.0
0
0
0
0
0.0
1
-0.006403928156942129
-0.561677873134613
0.0
0
0.0
1
1.0
0
1
6
8
-1.0
0
1
3
4
2.0
3
5
3
4
2.0
0
0.0142796700820327
-0.0673118904232979
0.4380675852298737
0
0.0
0
0.0
5
0
6
6
-1.0
7
0
2
6
3.0
0
0
0
0
0.0
0
-0.0131798600777984
-0.6767266988754272
0.0
0
0.0
1
1.0
1
1
15
8
-1.0
1
3
15
4
2.0
0
0
0
0
0.0
0
0.0668280720710754
-0.0321829095482826
0.5130872130393982
0
0.0
0
0.0
0
0
16
1
-1.0
8
0
8
1
2.0
0
0
0
0
0.0
0
0.006302144844084978
-0.2008266001939774
0.0
0
0.0
1
1.0
3
0
1
2
-1.0
3
0
1
1
2.0
0
0
0
0
0.0
1
-0.001680601038970053
-0.5176724195480347
0.3857651054859161
0
0.0
0
0.0
3
13
4
1
-1.0
4
13
2
1
2.0
0
0
0
0
0.0
0
-0.001505772001110017
0.3935809135437012
0.0
0
0.0
1
1.0
4
11
2
2
-1.0
4
11
1
1
2.0
5
12
1
1
2.0
0
0.001169924042187631
-0.2557956874370575
0.3192729949951172
0
0.0
0
0.0
17
2
3
3
-1.0
18
3
1
1
9.0
0
0
0
0
0.0
0
0.007273518014699221
0.0
-0.716672420501709
1
1.0
0
0.0
16
3
2
1
-1.0
17
3
1
1
2.0
0
0
0
0
0.0
0
7.869388355175033e-5
-0.189088299870491
0.2384908050298691
0
0.0
0
0.0
0
11
3
2
-1.0
0
12
3
1
2.0
0
0
0
0
0.0
0
0.00196245894767344
0.0
-0.5158377289772034
1
1.0
0
0.0
4
11
4
2
-1.0
4
11
2
1
2.0
6
12
2
1
2.0
0
-0.003147283103317022
0.4803304970264435
-0.0362379103899002
0
0.0
0
0.0
10
0
4
11
-1.0
11
0
2
11
2.0
0
0
0
0
0.0
0
0.005013356916606426
0.0
-0.5272933840751648
1
1.0
0
0.0
18
15
2
3
-1.0
17
16
2
1
3.0
0
0
0
0
0.0
1
-0.006599436979740858
-0.6940053105354309
0.1227589026093483
0
0.0
0
0.0
2
11
8
1
-1.0
2
11
4
1
2.0
0
0
0
0
0.0
1
-0.0427003614604473
-0.6821854710578918
0.0
0
0.0
1
1.0
17
13
1
6
-1.0
17
13
1
3
2.0
0
0
0
0
0.0
1
-3.509614907670766e-5
0.1216031014919281
-0.4214228987693787
0
0.0
0
0.0
-1.979504942893982
11
13
6
2
-1.0
13
13
2
2
3.0
0
0
0
0
0.0
0
0.008712836541235447
-0.4404883980751038
0.0
0
0.0
1
1.0
19
0
1
10
-1.0
19
5
1
5
2.0
0
0
0
0
0.0
0
-0.004067592788487673
0.6003010272979736
-0.2604264914989471
0
0.0
0
0.0
2
8
7
9
-1.0
2
11
7
3
3.0
0
0
0
0
0.0
0
-0.08393339812755581
0.0
-0.3794398903846741
1
1.0
0
0.0
0
11
20
2
-1.0
5
11
10
2
2.0
0
0
0
0
0.0
0
-0.0226261802017689
0.5252948999404907
-0.3273332118988037
0
0.0
0
0.0
6
14
6
1
-1.0
8
14
2
1
3.0
0
0
0
0
0.0
0
-0.003572538960725069
0.0
-0.2603093981742859
1
1.0
0
0.0
10
3
8
7
-1.0
12
3
4
7
2.0
0
0
0
0
0.0
0
-0.001629756996408105
0.4843423068523407
-0.3836326897144318
0
0.0
0
0.0
7
0
5
9
-1.0
7
3
5
3
3.0
0
0
0
0
0.0
0
-0.0800115764141083
0.395795613527298
0.0
0
0.0
1
1.0
0
0
16
6
-1.0
0
2
16
2
3.0
0
0
0
0
0.0
0
-0.0960614532232285
0.4287418127059937
-0.2909663915634155
0
0.0
0
0.0
6
10
2
6
-1.0
4
12
2
2
3.0
0
0
0
0
0.0
1
-0.009318385273218155
0.0
-0.3932549953460693
1
1.0
0
0.0
16
0
4
14
-1.0
18
0
2
14
2.0
0
0
0
0
0.0
0
0.009220515377819538
-0.2985737919807434
0.3173330128192902
0
0.0
0
0.0
6
0
9
6
-1.0
6
2
9
2
3.0
0
0
0
0
0.0
0
0.0232087504118681
0.0
0.3929522931575775
1
1.0
0
0.0
8
18
12
2
-1.0
8
19
12
1
2.0
0
0
0
0
0.0
0
0.001638973015360534
-0.5403599739074707
-0.021836880594492
0
0.0
0
0.0
10
17
4
3
-1.0
11
17
2
3
2.0
0
0
0
0
0.0
0
0.002887249924242496
0.0
-0.7817273736000061
1
1.0
0
0.0
5
0
1
4
-1.0
4
1
1
2
2.0
0
0
0
0
0.0
1
0.004746526014059782
0.1447418928146362
-0.6423770189285278
0
0.0
0
0.0
18
6
2
2
-1.0
18
6
1
2
2.0
0
0
0
0
0.0
1
-0.00574321486055851
-0.6555628776550293
0.0
0
0.0
1
1.0
12
10
3
4
-1.0
11
11
3
2
2.0
0
0
0
0
0.0
1
-0.008532495237886906
0.2209030985832214
-0.2579030096530914
0
0.0
0
0.0
9
9
4
3
-1.0
9
10
4
1
3.0
0
0
0
0
0.0
0
-0.008875217288732529
0.4659686088562012
0.0
0
0.0
1
1.0
9
10
4
3
-1.0
9
11
4
1
3.0
0
0
0
0
0.0
0
-0.0077129527926445
0.2527978122234344
-0.2617045044898987
0
0.0
0
0.0
17
4
3
4
-1.0
18
5
1
4
3.0
0
0
0
0
0.0
1
0.007690980099141598
0.0
-0.5935081839561462
1
1.0
0
0.0
18
0
2
3
-1.0
18
1
2
1
3.0
0
0
0
0
0.0
0
0.002665756037458777
0.1696972995996475
-0.5412395000457764
0
0.0
0
0.0
18
1
2
2
-1.0
18
2
2
1
2.0
0
0
0
0
0.0
0
-0.0004468593979254365
0.0
-0.303838700056076
1
1.0
0
0.0
19
1
1
3
-1.0
19
2
1
1
3.0
0
0
0
0
0.0
0
-0.0015998890157789
-0.5481774806976318
0.2497155964374542
0
0.0
0
0.0
8
18
4
2
-1.0
9
18
2
2
2.0
0
0
0
0
0.0
0
0.001936867018230259
0.0
-0.6320034861564636
1
1.0
0
0.0
2
13
4
2
-1.0
2
13
2
1
2.0
4
14
2
1
2.0
0
-0.002487854100763798
0.470513790845871
-0.0451872199773788
0
0.0
0
0.0
3
11
4
2
-1.0
3
11
2
1
2.0
5
12
2
1
2.0
0
-0.0028134910389781
0.3927085101604462
0.0
0
0.0
1
1.0
2
10
4
2
-1.0
2
10
2
1
2.0
4
11
2
1
2.0
0
-0.001410771044902503
0.1801708042621613
-0.2571457922458649
0
0.0
0
0.0
5
9
2
3
-1.0
4
10
2
1
3.0
0
0
0
0
0.0
1
-0.00690130703151226
-0.5338624119758606
0.0
0
0.0
1
1.0
2
10
4
6
-1.0
3
10
2
6
2.0
0
0
0
0
0.0
0
-0.0011458620429039
0.281743586063385
-0.160802498459816
0
0.0
0
0.0
13
0
6
8
-1.0
16
0
3
8
2.0
0
0
0
0
0.0
0
0.009280044585466385
-0.3002896010875702
0.0
0
0.0
1
1.0
10
0
8
9
-1.0
12
0
4
9
2.0
0
0
0
0
0.0
0
-0.0412813015282154
-0.6240906715393066
0.2054990977048874
0
0.0
0
0.0
1
11
8
1
-1.0
1
11
4
1
2.0
0
0
0
0
0.0
1
-0.0356253609061241
-0.5252934098243713
0.0
0
0.0
1
1.0
3
0
1
3
-1.0
2
1
1
1
3.0
0
0
0
0
0.0
1
-0.004164753947407007
-0.6353800892829895
0.1284665018320084
0
0.0
0
0.0
13
13
2
2
-1.0
14
13
1
2
2.0
0
0
0
0
0.0
0
-0.0009559825994074345
0.26505509018898
0.0
0
0.0
1
1.0
4
12
3
4
-1.0
5
12
1
4
3.0
0
0
0
0
0.0
0
-0.0008934785146266222
0.1826681047677994
-0.3753179013729095
0
0.0
0
0.0
6
17
4
3
-1.0
7
17
2
3
2.0
0
0
0
0
0.0
0
0.002543147886171937
0.0
-0.6105722188949585
1
1.0
0
0.0
14
1
2
6
-1.0
14
1
2
3
2.0
0
0
0
0
0.0
1
-0.0158538892865181
0.3075476884841919
-0.09814392030239109
0
0.0
0
0.0
8
4
8
4
-1.0
8
6
8
2
2.0
0
0
0
0
0.0
0
-0.0413157604634762
0.4924758970737457
0.0
0
0.0
1
1.0
8
3
4
5
-1.0
10
3
2
5
2.0
0
0
0
0
0.0
0
-0.0006822654977440834
0.06297594308853149
-0.4263429939746857
0
0.0
0
0.0
13
12
2
2
-1.0
13
12
1
1
2.0
14
13
1
1
2.0
0
0.000630984315648675
0.0
0.3139733970165253
1
1.0
0
0.0
6
12
3
3
-1.0
7
12
1
3
3.0
0
0
0
0
0.0
0
-0.002894686069339514
0.2859097123146057
-0.2562322914600372
0
0.0
0
0.0
5
7
3
3
-1.0
4
8
3
1
3.0
0
0
0
0
0.0
1
-0.0102441404014826
-0.6973748207092285
0.0
0
0.0
1
1.0
15
10
5
4
-1.0
15
11
5
2
2.0
0
0
0
0
0.0
0
-0.0169798508286476
-0.7312573194503784
0.1038917973637581
0
0.0
0
0.0
14
8
4
9
-1.0
14
11
4
3
3.0
0
0
0
0
0.0
0
-0.007019856944680214
0.0
-0.3507063984870911
1
1.0
0
0.0
16
9
4
3
-1.0
16
10
4
1
3.0
0
0
0
0
0.0
0
-0.0060688778758049
-0.5339580774307251
0.1733485013246536
0
0.0
0
0.0
18
7
2
13
-1.0
19
7
1
13
2.0
0
0
0
0
0.0
0
-0.009691141545772552
0.5639979839324951
0.0
0
0.0
1
1.0
0
0
16
1
-1.0
8
0
8
1
2.0
0
0
0
0
0.0
0
0.008546000346541405
-0.2471649050712585
0.1821652054786682
0
0.0
0
0.0
12
11
5
4
-1.0
11
12
5
2
2.0
0
0
0
0
0.0
1
-0.004947923123836517
0.0
-0.2833398878574371
1
1.0
0
0.0
17
13
2
4
-1.0
18
13
1
4
2.0
0
0
0
0
0.0
0
0.00192691502161324
-0.0681960731744766
0.3778719902038574
0
0.0
0
0.0
-1.904826045036316
6
13
9
2
-1.0
9
13
3
2
3.0
0
0
0
0
0.0
0
-0.0286398194730282
0.0
-0.3771826028823853
1
1.0
0
0.0
3
8
6
8
-1.0
3
10
6
4
2.0
0
0
0
0
0.0
0
-0.0421766601502895
0.7229869961738586
-0.07614116370677949
0
0.0
0
0.0
14
12
4
3
-1.0
15
12
2
3
2.0
0
0
0
0
0.0
0
-0.002253721002489328
0.0
-0.3272745907306671
1
1.0
0
0.0
12
6
6
4
-1.0
14
8
2
4
3.0
0
0
0
0
0.0
1
-0.0306833293288946
0.5150523781776428
-0.222351998090744
0
0.0
0
0.0
4
0
12
6
-1.0
4
3
12
3
2.0
0
0
0
0
0.0
0
-0.123412698507309
0.4469901025295258
0.0
0
0.0
1
1.0
0
0
17
2
-1.0
0
1
17
1
2.0
0
0
0
0
0.0
0
-0.0236741509288549
0.3470853865146637
-0.3177390098571777
0
0.0
0
0.0
2
14
1
6
-1.0
2
17
1
3
2.0
0
0
0
0
0.0
0
0.0031951239798218
-0.4977504909038544
0.0
0
0.0
1
1.0
3
10
3
3
-1.0
2
11
3
1
3.0
0
0
0
0
0.0
1
-0.001491553033702075
0.2638441920280457
-0.3891254961490631
0
0.0
0
0.0
18
2
2
9
-1.0
19
2
1
9
2.0
0
0
0
0
0.0
0
0.0008809752762317657
-0.4093979001045227
0.0
0
0.0
1
1.0
7
9
13
8
-1.0
7
11
13
4
2.0
0
0
0
0
0.0
0
-0.0583557710051537
0.3228761851787567
-0.2304559946060181
0
0.0
0
0.0
17
6
3
4
-1.0
18
7
1
4
3.0
0
0
0
0
0.0
1
0.005113237071782351
0.0
-0.513536810874939
1
1.0
0
0.0
6
13
2
2
-1.0
7
13
1
2
2.0
0
0
0
0
0.0
0
-0.004541832022368908
0.5301175713539124
-0.0306493304669857
0
0.0
0
0.0
15
16
1
3
-1.0
14
17
1
1
3.0
0
0
0
0
0.0
1
0.001681133988313377
0.0
-0.5316147208213806
1
1.0
0
0.0
11
16
6
4
-1.0
11
16
3
2
2.0
14
18
3
2
2.0
0
0.002812969963997602
-0.0675240531563759
0.3854224979877472
0
0.0
0
0.0
19
0
1
4
-1.0
19
1
1
2
2.0
0
0
0
0
0.0
0
0.00218354188837111
0.0
-0.6429883241653442
1
1.0
0
0.0
19
0
1
2
-1.0
19
1
1
1
2.0
0
0
0
0
0.0
0
-0.002433537971228361
-0.6631330847740173
0.1388237029314041
0
0.0
0
0.0
12
3
3
6
-1.0
13
3
1
6
3.0
0
0
0
0
0.0
0
0.00307366088964045
0.0
-0.6343315839767456
1
1.0
0
0.0
8
10
4
3
-1.0
8
11
4
1
3.0
0
0
0
0
0.0
0
-0.009642554447054863
0.3869616091251373
-0.0687377974390984
0
0.0
0
0.0
19
0
1
8
-1.0
19
4
1
4
2.0
0
0
0
0
0.0
0
-0.007208210881799459
0.1612125039100647
0.0
0
0.0
1
1.0
14
0
6
6
-1.0
14
0
3
3
2.0
17
3
3
3
2.0
0
-0.008019197732210159
0.3801113069057465
-0.4139797985553741
0
0.0
0
0.0
8
11
3
3
-1.0
9
12
1
1
9.0
0
0
0
0
0.0
0
-0.007247915957123041
0.2435187995433807
0.0
0
0.0
1
1.0
1
6
10
12
-1.0
6
6
5
12
2.0
0
0
0
0
0.0
0
-0.2263164073228836
0.6066794991493225
-0.225218802690506
0
0.0
0
0.0
10
6
2
1
-1.0
11
6
1
1
2.0
0
0
0
0
0.0
0
-7.009161345195025e-5
0.1711532026529312
0.0
0
0.0
1
1.0
8
1
7
10
-1.0
8
6
7
5
2.0
0
0
0
0
0.0
0
-0.1816139966249466
0.5272598266601562
-0.35247540473938
0
0.0
0
0.0
13
11
3
3
-1.0
14
12
1
3
3.0
0
0
0
0
0.0
1
-0.009403843432664871
0.3497051894664764
0.0
0
0.0
1
1.0
10
13
4
4
-1.0
10
13
2
2
2.0
12
15
2
2
2.0
0
-0.002128903055563569
0.0558786988258362
-0.4981659054756165
0
0.0
0
0.0
15
15
2
3
-1.0
14
16
2
1
3.0
0
0
0
0
0.0
1
-0.005179855041205883
-0.6309564113616943
0.0
0
0.0
1
1.0
13
13
3
1
-1.0
14
13
1
1
3.0
0
0
0
0
0.0
0
-0.000650301924906671
0.3585645854473114
-0.0782810524106026
0
0.0
0
0.0
10
4
6
3
-1.0
12
4
2
3
3.0
0
0
0
0
0.0
0
-0.0105559304356575
-0.5550283193588257
0.0
0
0.0
1
1.0
1
7
6
4
-1.0
1
7
3
2
2.0
4
9
3
2
2.0
0
-0.005185298155993223
0.3554868102073669
-0.0688922926783562
0
0.0
0
0.0
15
7
4
2
-1.0
16
8
2
2
2.0
0
0
0
0
0.0
1
-0.007872547954320908
-0.4859617948532104
0.0
0
0.0
1
1.0
10
4
9
6
-1.0
13
4
3
6
3.0
0
0
0
0
0.0
0
-0.00653429701924324
0.2117895931005478
-0.231740802526474
0
0.0
0
0.0
14
2
6
2
-1.0
14
2
6
1
2.0
0
0
0
0
0.0
1
-0.0139099201187491
0.5993698239326477
0.0
0
0.0
1
1.0
5
18
4
2
-1.0
6
18
2
2
2.0
0
0
0
0
0.0
0
0.00154184503480792
-0.009508691728115082
-0.6479613184928894
0
0.0
0
0.0
0
12
2
8
-1.0
1
12
1
8
2.0
0
0
0
0
0.0
0
-0.001154990051873028
0.0
-0.2750172019004822
1
1.0
0
0.0
1
19
18
1
-1.0
10
19
9
1
2.0
0
0
0
0
0.0
0
-0.0326870307326317
-0.6733620762825012
0.1952040046453476
0
0.0
0
0.0
2
0
12
20
-1.0
8
0
6
20
2.0
0
0
0
0
0.0
0
-0.2642259001731873
0.3698686957359314
0.0
0
0.0
1
1.0
2
0
14
1
-1.0
9
0
7
1
2.0
0
0
0
0
0.0
0
0.006943867076188326
-0.3002974092960358
0.1499896943569183
0
0.0
0
0.0
7
9
8
3
-1.0
7
10
8
1
3.0
0
0
0
0
0.0
0
-0.0120779201388359
0.4164412915706635
0.0
0
0.0
1
1.0
3
11
2
2
-1.0
3
11
1
1
2.0
4
12
1
1
2.0
0
-0.001398670021444559
0.4124872982501984
-0.1953365951776505
0
0.0
0
0.0
11
0
9
2
-1.0
14
0
3
2
3.0
0
0
0
0
0.0
0
0.0131383398547769
0.0
-0.6420493125915527
1
1.0
0
0.0
6
0
9
1
-1.0
9
0
3
1
3.0
0
0
0
0
0.0
0
0.007241711020469666
0.1135936006903648
-0.73838871717453
0
0.0
0
0.0
4
8
1
4
-1.0
3
9
1
2
2.0
0
0
0
0
0.0
1
-0.007483790162950754
-0.6924629807472229
0.0
0
0.0
1
1.0
0
9
3
3
-1.0
0
10
3
1
3.0
0
0
0
0
0.0
0
0.006802223157137632
0.0928734391927719
-0.6004747152328491
0
0.0
0
0.0
3
4
15
12
-1.0
8
8
5
4
9.0
0
0
0
0
0.0
0
0.4532290995121002
0.0
0.5626053214073181
1
1.0
0
0.0
7
13
6
6
-1.0
9
13
2
6
3.0
0
0
0
0
0.0
0
-0.005572163034230471
0.0778201594948769
-0.3399060070514679
0
0.0
0
0.0
2
1
12
6
-1.0
2
3
12
2
3.0
0
0
0
0
0.0
0
0.0315839610993862
0.0
0.3229267001152039
1
1.0
0
0.0
1
1
6
1
-1.0
3
3
2
1
3.0
0
0
0
0
0.0
1
-0.005792617797851562
0.1553445011377335
-0.3571783900260925
0
0.0
0
0.0
3
4
5
3
-1.0
2
5
5
1
3.0
0
0
0
0
0.0
1
-0.007602537982165813
-0.5185949802398682
0.0
0
0.0
1
1.0
2
12
2
2
-1.0
2
12
1
1
2.0
3
13
1
1
2.0
0
0.0009515103884041309
-0.0295706707984209
0.4602751135826111
0
0.0
0
0.0
8
11
3
3
-1.0
9
11
1
3
3.0
0
0
0
0
0.0
0
0.001972330035641789
0.0
0.3692665100097656
1
1.0
0
0.0
9
11
3
4
-1.0
10
11
1
4
3.0
0
0
0
0
0.0
0
0.002315826015546918
-0.2129974067211151
0.2694854140281677
0
0.0
0
0.0
17
2
3
1
-1.0
18
3
1
1
3.0
0
0
0
0
0.0
1
0.002117960015311837
0.0
-0.48369500041008
1
1.0
0
0.0
5
11
6
3
-1.0
8
11
3
3
2.0
0
0
0
0
0.0
0
-0.002694660099223256
0.1854566037654877
-0.2941196858882904
0
0.0
0
0.0
2
12
12
8
-1.0
2
12
6
4
2.0
8
16
6
4
2.0
0
0.0588654093444347
0.0
-0.46770378947258
1
1.0
0
0.0
13
15
2
3
-1.0
12
16
2
1
3.0
0
0
0
0
0.0
1
-0.006840892136096954
-0.6637132167816162
0.12721349298954
0
0.0
0
0.0
-1.94073498249054
5
14
9
1
-1.0
8
14
3
1
3.0
0
0
0
0
0.0
0
-0.0127664897590876
0.0
-0.3796809911727905
1
1.0
0
0.0
13
13
4
6
-1.0
13
13
2
3
2.0
15
16
2
3
2.0
0
0.003782164072617888
-0.1600182950496674
0.6195328831672668
0
0.0
0
0.0
8
7
9
1
-1.0
11
10
3
1
3.0
0
0
0
0
0.0
1
-0.0330498814582825
0.0
-0.3682548105716705
1
1.0
0
0.0
16
0
4
4
-1.0
16
0
4
2
2.0
0
0
0
0
0.0
1
0.0450502410531044
0.009377034381032
0.7157058119773865
0
0.0
0
0.0
2
13
2
2
-1.0
2
13
2
1
2.0
0
0
0
0
0.0
1
-0.003527540946379304
0.0
-0.3733660876750946
1
1.0
0
0.0
5
12
2
2
-1.0
5
13
2
1
2.0
0
0
0
0
0.0
0
0.002225070958957076
-0.0667124912142754
0.4990611970424652
0
0.0
0
0.0
0
16
2
4
-1.0
0
18
2
2
2.0
0
0
0
0
0.0
0
0.001360949012450874
0.0
0.1716292947530746
1
1.0
0
0.0
0
8
14
11
-1.0
7
8
7
11
2.0
0
0
0
0
0.0
0
-0.2908785939216614
0.3615890145301819
-0.5087137222290039
0
0.0
0
0.0
4
17
4
3
-1.0
5
17
2
3
2.0
0
0
0
0
0.0
0
0.003314895089715719
0.0
-0.7178813815116882
1
1.0
0
0.0
3
12
3
5
-1.0
4
12
1
5
3.0
0
0
0
0
0.0
0
-0.0008864143746905029
0.257136195898056
-0.1797894984483719
0
0.0
0
0.0
5
11
1
3
-1.0
5
12
1
1
3.0
0
0
0
0
0.0
0
0.0011313590221107
0.0
0.3538742065429688
1
1.0
0
0.0
4
10
4
2
-1.0
4
10
2
1
2.0
6
11
2
1
2.0
0
-0.003062180010601878
0.3079080879688263
-0.3121724128723145
0
0.0
0
0.0
15
9
3
1
-1.0
16
10
1
1
3.0
0
0
0
0
0.0
1
0.002544362097978592
0.0
-0.5678855180740356
1
1.0
0
0.0
3
0
16
7
-1.0
7
0
8
7
2.0
0
0
0
0
0.0
0
-0.006708887871354818
0.212228998541832
-0.2682110965251923
0
0.0
0
0.0
2
2
17
6
-1.0
2
5
17
3
2.0
0
0
0
0
0.0
0
-0.1644680947065353
0.4901696145534515
0.0
0
0.0
1
1.0
2
4
14
6
-1.0
2
6
14
2
3.0
0
0
0
0
0.0
0
0.0408281087875366
-0.3121747076511383
0.247481495141983
0
0.0
0
0.0
2
9
6
2
-1.0
2
9
3
1
2.0
5
10
3
1
2.0
0
-0.003605151083320379
0.3435586094856262
0.0
0
0.0
1
1.0
3
11
4
2
-1.0
3
11
2
1
2.0
5
12
2
1
2.0
0
-0.002360864076763391
0.2656646072864532
-0.2864471971988678
0
0.0
0
0.0
16
13
4
2
-1.0
18
13
2
2
2.0
0
0
0
0
0.0
0
0.001296535017900169
-0.293177604675293
0.0
0
0.0
1
1.0
15
7
3
2
-1.0
16
8
1
2
3.0
0
0
0
0
0.0
1
0.006011100020259619
0.219417005777359
-0.6001421809196472
0
0.0
0
0.0
0
11
4
2
-1.0
0
12
4
1
2.0
0
0
0
0
0.0
0
-0.0006162842037156224
0.0
-0.3129233121871948
1
1.0
0
0.0
4
9
2
3
-1.0
3
10
2
1
3.0
0
0
0
0
0.0
1
0.002057371893897653
0.2876316905021667
-0.3732070922851562
0
0.0
0
0.0
3
18
6
2
-1.0
5
18
2
2
3.0
0
0
0
0
0.0
0
-0.00771660078316927
-0.7168325185775757
0.0
0
0.0
1
1.0
11
12
3
2
-1.0
12
12
1
2
3.0
0
0
0
0
0.0
0
-0.002822245936840773
0.425018310546875
-0.0532948896288872
0
0.0
0
0.0
19
0
1
2
-1.0
19
1
1
1
2.0
0
0
0
0
0.0
0
-7.386120705632493e-5
0.1490345001220703
0.0
0
0.0
1
1.0
0
0
14
1
-1.0
7
0
7
1
2.0
0
0
0
0
0.0
0
0.005868049804121256
-0.584366500377655
0.1072475984692574
0
0.0
0
0.0
11
10
3
4
-1.0
10
11
3
2
2.0
0
0
0
0
0.0
1
-0.007901372388005257
0.0
-0.3431994915008545
1
1.0
0
0.0
14
16
1
3
-1.0
13
17
1
1
3.0
0
0
0
0
0.0
1
0.002782569034025073
0.1765536069869995
-0.6147375702857971
0
0.0
0
0.0
18
1
2
4
-1.0
19
1
1
4
2.0
0
0
0
0
0.0
0
0.000327515386743471
-0.3383756875991821
0.0
0
0.0
1
1.0
15
13
5
6
-1.0
15
15
5
2
3.0
0
0
0
0
0.0
0
0.0307008996605873
0.1856613010168076
-0.5345026850700378
0
0.0
0
0.0
16
4
3
3
-1.0
17
5
1
3
3.0
0
0
0
0
0.0
1
0.005693247076123953
0.0
-0.5175045132637024
1
1.0
0
0.0
4
6
16
14
-1.0
12
6
8
14
2.0
0
0
0
0
0.0
0
0.2137514054775238
0.1233239993453026
-0.6428813934326172
0
0.0
0
0.0
10
12
3
1
-1.0
11
12
1
1
3.0
0
0
0
0
0.0
0
-0.004402495920658112
0.5853567719459534
0.0
0
0.0
1
1.0
5
12
2
2
-1.0
5
12
1
1
2.0
6
13
1
1
2.0
0
-0.0004571996978484094
0.2336882054805756
-0.1903900951147079
0
0.0
0
0.0
9
3
4
5
-1.0
10
3
2
5
2.0
0
0
0
0
0.0
0
-0.004258783999830484
-0.51190847158432
0.0
0
0.0
1
1.0
18
1
2
3
-1.0
18
2
2
1
3.0
0
0
0
0
0.0
0
-0.002346262102946639
-0.471647709608078
0.1478340029716492
0
0.0
0
0.0
19
17
1
2
-1.0
19
17
1
1
2.0
0
0
0
0
0.0
1
-6.506557110697031e-5
0.0
-0.298863410949707
1
1.0
0
0.0
17
16
2
2
-1.0
17
16
2
1
2.0
0
0
0
0
0.0
1
-0.005508216097950935
-0.4850896000862122
0.2001491039991379
0
0.0
0
0.0
10
2
7
6
-1.0
10
4
7
2
3.0
0
0
0
0
0.0
0
0.0189427901059389
0.0
0.31028950214386
1
1.0
0
0.0
2
0
13
4
-1.0
2
1
13
2
2.0
0
0
0
0
0.0
0
0.006912377197295427
-0.2870123982429504
0.2053406983613968
0
0.0
0
0.0
2
0
2
2
-1.0
2
0
1
2
2.0
0
0
0
0
0.0
1
0.008169688284397125
0.0
0.4581083059310913
1
1.0
0
0.0
0
3
6
8
-1.0
3
3
3
8
2.0
0
0
0
0
0.0
0
0.01006976980716
-0.2417591959238052
0.1759382039308548
0
0.0
0
0.0
3
0
1
3
-1.0
2
1
1
1
3.0
0
0
0
0
0.0
1
0.00216635805554688
0.0
-0.4987790882587433
1
1.0
0
0.0
8
0
6
9
-1.0
10
0
2
9
3.0
0
0
0
0
0.0
0
0.0105057302862406
0.1623128056526184
-0.4298886954784393
0
0.0
0
0.0
17
9
3
2
-1.0
18
10
1
2
3.0
0
0
0
0
0.0
1
0.0005757678882218897
0.0
-0.3101257085800171
1
1.0
0
0.0
16
8
4
6
-1.0
16
10
4
2
3.0
0
0
0
0
0.0
0
-0.0306088998913765
-0.74064302444458
0.162171795964241
0
0.0
0
0.0
6
9
7
3
-1.0
6
10
7
1
3.0
0
0
0
0
0.0
0
-0.0134306596592069
0.4550563991069794
0.0
0
0.0
1
1.0
2
10
3
4
-1.0
2
11
3
2
2.0
0
0
0
0
0.0
0
0.001185904024168849
-0.2722725868225098
0.2247501015663147
0
0.0
0
0.0
15
8
1
6
-1.0
15
8
1
3
2.0
0
0
0
0
0.0
1
-0.0004931134753860533
-0.3959831893444061
0.0
0
0.0
1
1.0
19
3
1
12
-1.0
19
7
1
4
3.0
0
0
0
0
0.0
0
-0.00245099188759923
0.2500421106815338
-0.1614051014184952
0
0.0
0
0.0
2
0
5
2
-1.0
2
0
5
1
2.0
0
0
0
0
0.0
1
0.0136419497430325
0.0
-0.645254909992218
1
1.0
0
0.0
1
3
11
6
-1.0
1
5
11
2
3.0
0
0
0
0
0.0
0
-0.0367333292961121
0.3419705927371979
-0.06596832722425459
0
0.0
0
0.0
-1.893105983734131
14
13
2
4
-1.0
14
13
1
2
2.0
15
15
1
2
2.0
0
0.001361383008770645
-0.3438392877578735
0.0
0
0.0
1
1.0
8
11
10
3
-1.0
13
11
5
3
2.0
0
0
0
0
0.0
0
0.0122110601514578
-0.4035860002040863
0.5787363052368164
0
0.0
0
0.0
6
11
1
4
-1.0
6
13
1
2
2.0
0
0
0
0
0.0
0
0.003292952897027135
-0.22164349257946
0.0
0
0.0
1
1.0
2
9
3
9
-1.0
3
12
1
3
9.0
0
0
0
0
0.0
0
-0.0248319804668427
0.542569100856781
-0.4758560061454773
0
0.0
0
0.0
4
0
15
9
-1.0
9
3
5
3
9.0
0
0
0
0
0.0
0
-0.3408153057098389
0.5343874096870422
0.0
0
0.0
1
1.0
12
0
6
4
-1.0
12
0
6
2
2.0
0
0
0
0
0.0
1
0.0609296411275864
-0.260153591632843
0.3762655854225159
0
0.0
0
0.0
10
5
4
5
-1.0
12
5
2
5
2.0
0
0
0
0
0.0
0
-0.001439930056221783
0.0
-0.4163514971733093
1
1.0
0
0.0
1
7
18
12
-1.0
7
11
6
4
9.0
0
0
0
0
0.0
0
-0.7571117877960205
0.4776453971862793
-0.1237422972917557
0
0.0
0
0.0
14
12
6
4
-1.0
16
12
2
4
3.0
0
0
0
0
0.0
0
-0.005989143159240484
0.2184862047433853
0.0
0
0.0
1
1.0
13
12
3
3
-1.0
14
12
1
3
3.0
0
0
0
0
0.0
0
-0.0008939856197685003
0.1772602945566177
-0.5481501817703247
0
0.0
0
0.0
14
9
4
1
-1.0
15
10
2
1
2.0
0
0
0
0
0.0
1
0.002901351079344749
0.0
-0.5670918226242065
1
1.0
0
0.0
17
7
3
2
-1.0
18
8
1
2
3.0
0
0
0
0
0.0
1
0.004436127841472626
0.1418378055095673
-0.58784419298172
0
0.0
0
0.0
19
3
1
2
-1.0
19
4
1
1
2.0
0
0
0
0
0.0
0
-5.331929060048424e-5
0.0
-0.3482188880443573
1
1.0
0
0.0
19
1
1
4
-1.0
19
2
1
2
2.0
0
0
0
0
0.0
0
0.002548102987930179
0.1974532008171082
-0.5597922205924988
0
0.0
0
0.0
3
2
12
8
-1.0
3
4
12
4
2.0
0
0
0
0
0.0
0
0.0748829394578934
0.0
0.4664795100688934
1
1.0
0
0.0
1
0
16
6
-1.0
1
2
16
2
3.0
0
0
0
0
0.0
0
0.0488163083791733
-0.2257521003484726
0.3232581913471222
0
0.0
0
0.0
16
8
3
1
-1.0
17
9
1
1
3.0
0
0
0
0
0.0
1
-0.003912833984941244
-0.5977287292480469
0.0
0
0.0
1
1.0
7
13
6
3
-1.0
9
14
2
1
9.0
0
0
0
0
0.0
0
-0.0138206295669079
0.2603121101856232
-0.2021141052246094
0
0.0
0
0.0
11
18
6
2
-1.0
11
19
6
1
2.0
0
0
0
0
0.0
0
0.0009404720040038228
-0.3400524854660034
0.0
0
0.0
1
1.0
15
17
5
3
-1.0
15
18
5
1
3.0
0
0
0
0
0.0
0
-0.004641943145543337
-0.4518780112266541
0.2105485945940018
0
0.0
0
0.0
2
1
18
4
-1.0
8
1
6
4
3.0
0
0
0
0
0.0
0
-0.0319609418511391
0.0
-0.2082601934671402
1
1.0
0
0.0
5
0
1
2
-1.0
5
1
1
1
2.0
0
0
0
0
0.0
0
-0.0001265116006834432
0.3855319023132324
-0.2311642020940781
0
0.0
0
0.0
1
11
6
6
-1.0
3
13
2
2
9.0
0
0
0
0
0.0
0
-0.0504137091338634
0.2284615933895111
0.0
0
0.0
1
1.0
3
12
4
2
-1.0
3
12
2
1
2.0
5
13
2
1
2.0
0
-0.002095077885314822
0.3263955116271973
-0.3438543081283569
0
0.0
0
0.0
3
0
3
3
-1.0
2
1
3
1
3.0
0
0
0
0
0.0
1
-0.0110178804025054
-0.7738878130912781
0.0
0
0.0
1
1.0
8
10
3
3
-1.0
9
11
1
1
9.0
0
0
0
0
0.0
0
-0.009741576388478279
0.3673199117183685
-0.0657460018992424
0
0.0
0
0.0
0
16
2
2
-1.0
0
17
2
1
2.0
0
0
0
0
0.0
0
5.33866805199068e-5
-0.35571750998497
0.0
0
0.0
1
1.0
0
16
4
3
-1.0
0
17
4
1
3.0
0
0
0
0
0.0
0
0.005982031114399433
0.176531195640564
-0.4611007869243622
0
0.0
0
0.0
0
13
12
1
-1.0
6
13
6
1
2.0
0
0
0
0
0.0
0
-0.001955826999619603
0.0
-0.3617269098758698
1
1.0
0
0.0
13
2
6
9
-1.0
15
2
2
9
3.0
0
0
0
0
0.0
0
0.007673969957977533
0.1803857982158661
-0.4045203030109406
0
0.0
0
0.0
8
11
3
3
-1.0
9
11
1
3
3.0
0
0
0
0
0.0
0
0.00429353816434741
0.0
0.5208635926246643
1
1.0
0
0.0
9
11
3
4
-1.0
10
11
1
4
3.0
0
0
0
0
0.0
0
0.00141813000664115
-0.220858097076416
0.2735756039619446
0
0.0
0
0.0
13
0
6
10
-1.0
15
0
2
10
3.0
0
0
0
0
0.0
0
-0.0282630994915962
-0.6383373141288757
0.0
0
0.0
1
1.0
4
10
1
4
-1.0
3
11
1
2
2.0
0
0
0
0
0.0
1
0.0006343406857922673
0.1563638001680374
-0.3214890062809
0
0.0
0
0.0
9
11
3
3
-1.0
10
12
1
1
9.0
0
0
0
0
0.0
0
-0.007238730788230896
0.231262594461441
0.0
0
0.0
1
1.0
6
12
3
3
-1.0
5
13
3
1
3.0
0
0
0
0
0.0
1
-0.0099928081035614
0.3039731979370117
-0.2447843998670578
0
0.0
0
0.0
17
6
2
1
-1.0
18
6
1
1
2.0
0
0
0
0
0.0
0
6.499524897662923e-5
0.0
0.1513298004865646
1
1.0
0
0.0
16
2
1
4
-1.0
16
2
1
2
2.0
0
0
0
0
0.0
1
-0.005304927006363869
0.2041787058115005
-0.4626043140888214
0
0.0
0
0.0
2
5
13
4
-1.0
2
6
13
2
2.0
0
0
0
0
0.0
0
-0.0166130997240543
0.3339976966381073
0.0
0
0.0
1
1.0
14
4
6
2
-1.0
14
4
6
1
2.0
0
0
0
0
0.0
1
-0.0116302901878953
0.3705343008041382
-0.1936154961586
0
0.0
0
0.0
3
8
1
3
-1.0
2
9
1
1
3.0
0
0
0
0
0.0
1
0.001906818011775613
0.0
-0.3810505867004395
1
1.0
0
0.0
7
7
8
3
-1.0
7
8
8
1
3.0
0
0
0
0
0.0
0
-0.005692646838724613
0.5064520835876465
0.006517092231661081
0
0.0
0
0.0
8
8
4
3
-1.0
10
8
2
3
2.0
0
0
0
0
0.0
0
-0.0002245367068098858
0.0
-0.315260112285614
1
1.0
0
0.0
10
11
3
8
-1.0
10
15
3
4
2.0
0
0
0
0
0.0
0
0.009556503966450691
-0.5303559899330139
0.2053276002407074
0
0.0
0
0.0
13
15
2
3
-1.0
12
16
2
1
3.0
0
0
0
0
0.0
1
0.003154061967507005
0.0
-0.4592832922935486
1
1.0
0
0.0
0
0
12
20
-1.0
6
0
6
20
2.0
0
0
0
0
0.0
0
-0.3068132996559143
0.5071771740913391
-0.0144392503425479
0
0.0
0
0.0
0
0
10
1
-1.0
5
0
5
1
2.0
0
0
0
0
0.0
0
0.002823980990797281
-0.1543793976306915
0.0
0
0.0
1
1.0
0
0
6
3
-1.0
0
1
6
1
3.0
0
0
0
0
0.0
0
-0.003306352999061346
-0.4357138872146606
0.3934271931648254
0
0.0
0
0.0
14
13
2
2
-1.0
14
13
1
1
2.0
15
14
1
1
2.0
0
0.0003784878936130553
0.0
0.252126008272171
1
1.0
0
0.0
12
10
4
2
-1.0
12
10
2
1
2.0
14
11
2
1
2.0
0
-0.003048863029107451
0.4666233956813812
-0.2279223054647446
0
0.0
0
0.0
7
0
6
4
-1.0
9
0
2
4
3.0
0
0
0
0
0.0
0
-0.0147243803367019
-0.7860211133956909
0.0
0
0.0
1
1.0
0
0
10
10
-1.0
0
0
5
5
2.0
5
5
5
5
2.0
0
0.0360623002052307
-0.06857132166624071
0.3669883906841278
0
0.0
0
0.0
6
3
4
2
-1.0
7
3
2
2
2.0
0
0
0
0
0.0
0
-0.002232741098850965
-0.5974019765853882
0.0
0
0.0
1
1.0
1
5
4
11
-1.0
2
5
2
11
2.0
0
0
0
0
0.0
0
-0.0007854182040318847
0.2027346938848495
-0.1722168028354645
0
0.0
0
0.0
12
8
3
1
-1.0
13
8
1
1
3.0
0
0
0
0
0.0
0
0.00078553898492828
0.0
-0.4340744912624359
1
1.0
0
0.0
2
2
6
2
-1.0
2
2
6
1
2.0
0
0
0
0
0.0
1
0.0100781098008156
0.12464140355587
-0.4839141964912415
0
0.0
0
0.0
13
5
7
3
-1.0
12
6
7
1
3.0
0
0
0
0
0.0
1
0.0209287907928228
0.0
0.5686420798301697
1
1.0
0
0.0
13
7
3
4
-1.0
14
7
1
4
3.0
0
0
0
0
0.0
0
0.001334008993580937
0.0145246395841241
-0.4600321054458618
0
0.0
0
0.0
-1.96778404712677
8
12
3
2
-1.0
8
12
3
1
2.0
0
0
0
0
0.0
1
-0.0153139596804976
0.0
-0.3434768915176392
1
1.0
0
0.0
0
10
4
8
-1.0
0
12
4
4
2.0
0
0
0
0
0.0
0
-0.0142658604308963
0.5820953249931335
-0.3552739918231964
0
0.0
0
0.0
14
13
2
6
-1.0
14
13
1
3
2.0
15
16
1
3
2.0
0
0.001265297993086278
-0.3149831891059875
0.0
0
0.0
1
1.0
16
17
1
2
-1.0
16
17
1
1
2.0
0
0
0
0
0.0
1
-7.380764873232692e-5
0.4724959135055542
-0.263808012008667
0
0.0
0
0.0
12
0
3
6
-1.0
10
2
3
2
3.0
0
0
0
0
0.0
1
-0.0385270304977894
0.4155685007572174
0.0
0
0.0
1
1.0
4
10
14
3
-1.0
4
11
14
1
3.0
0
0
0
0
0.0
0
-0.0147587703540921
0.1567724943161011
-0.3765023946762085
0
0.0
0
0.0
19
4
1
12
-1.0
19
8
1
4
3.0
0
0
0
0
0.0
0
-0.001544827013276517
0.0
-0.359320193529129
1
1.0
0
0.0
19
2
1
6
-1.0
19
4
1
2
3.0
0
0
0
0
0.0
0
0.006456458009779453
0.2127663940191269
-0.7228717803955078
0
0.0
0
0.0
8
12
12
3
-1.0
14
12
6
3
2.0
0
0
0
0
0.0
0
0.0102673498913646
-0.4604580998420715
0.0
0
0.0
1
1.0
0
13
2
3
-1.0
1
13
1
3
2.0
0
0
0
0
0.0
0
-0.0008642289903946221
0.2492025941610336
-0.2672136127948761
0
0.0
0
0.0
16
0
4
9
-1.0
18
0
2
9
2.0
0
0
0
0
0.0
0
0.003231188980862498
-0.40939199924469
0.0
0
0.0
1
1.0
9
2
6
4
-1.0
9
4
6
2
2.0
0
0
0
0
0.0
0
0.0136765297502279
-0.0273916907608509
0.4525907039642334
0
0.0
0
0.0
16
2
3
1
-1.0
17
3
1
1
3.0
0
0
0
0
0.0
1
0.00327871204353869
0.0
-0.7002565264701843
1
1.0
0
0.0
15
12
3
6
-1.0
16
12
1
6
3.0
0
0
0
0
0.0
0
-0.00142565299756825
0.2578780055046082
-0.1509343981742859
0
0.0
0
0.0
13
12
3
3
-1.0
14
12
1
3
3.0
0
0
0
0
0.0
0
-0.002209502970799804
0.3514811098575592
0.0
0
0.0
1
1.0
3
3
15
4
-1.0
3
5
15
2
2.0
0
0
0
0
0.0
0
-0.0877013728022575
0.4197874069213867
-0.2360018044710159
0
0.0
0
0.0
11
11
3
4
-1.0
12
11
1
4
3.0
0
0
0
0
0.0
0
-0.002880562096834183
0.3047986924648285
0.0
0
0.0
1
1.0
10
11
3
3
-1.0
11
11
1
3
3.0
0
0
0
0
0.0
0
-0.002502850955352187
0.1331669986248016
-0.3169130086898804
0
0.0
0
0.0
19
0
1
4
-1.0
19
2
1
2
2.0
0
0
0
0
0.0
0
-0.0005171056254766881
0.0
-0.3519909083843231
1
1.0
0
0.0
14
0
3
3
-1.0
15
1
1
3
3.0
0
0
0
0
0.0
1
0.006708872970193624
0.2016315013170242
-0.609480082988739
0
0.0
0
0.0
2
10
8
2
-1.0
2
10
4
2
2.0
0
0
0
0
0.0
1
-0.07605875283479691
-0.6369420886039734
0.0
0
0.0
1
1.0
9
18
4
2
-1.0
10
18
2
2
2.0
0
0
0
0
0.0
0
-0.003088914090767503
-0.7902534008026123
0.1036607995629311
0
0.0
0
0.0
10
0
4
9
-1.0
11
0
2
9
2.0
0
0
0
0
0.0
0
0.002574052894487977
0.0
-0.4542419910430908
1
1.0
0
0.0
15
10
5
6
-1.0
15
12
5
2
3.0
0
0
0
0
0.0
0
-0.005487709771841764
0.2148129940032959
-0.1932951062917709
0
0.0
0
0.0
2
13
4
2
-1.0
3
13
2
2
2.0
0
0
0
0
0.0
0
-0.001250728964805603
0.0
-0.2165144979953766
1
1.0
0
0.0
2
15
4
1
-1.0
3
16
2
1
2.0
0
0
0
0
0.0
1
-0.004323104862123728
-0.6279907822608948
0.2427074015140533
0
0.0
0
0.0
15
8
3
2
-1.0
16
9
1
2
3.0
0
0
0
0
0.0
1
0.0043724630959332
0.0
-0.5188937783241272
1
1.0
0
0.0
0
6
4
2
-1.0
2
6
2
2
2.0
0
0
0
0
0.0
0
0.0007463269284926355
-0.1137868016958237
0.28224378824234
0
0.0
0
0.0
9
17
6
1
-1.0
12
17
3
1
2.0
0
0
0
0
0.0
0
-0.001337507041171193
0.245891198515892
0.0
0
0.0
1
1.0
14
19
6
1
-1.0
17
19
3
1
2.0
0
0
0
0
0.0
0
-0.002936755074188113
0.2433581948280334
-0.2911281883716583
0
0.0
0
0.0
17
18
1
2
-1.0
17
19
1
1
2.0
0
0
0
0
0.0
0
6.319386739050969e-5
-0.2580659091472626
0.0
0
0.0
1
1.0
17
16
2
2
-1.0
17
16
2
1
2.0
0
0
0
0
0.0
1
-0.005133893806487322
-0.4611040949821472
0.2433398067951202
0
0.0
0
0.0
19
3
1
9
-1.0
19
6
1
3
3.0
0
0
0
0
0.0
0
0.004940060898661613
0.0
-0.3963299095630646
1
1.0
0
0.0
10
10
3
3
-1.0
9
11
3
1
3.0
0
0
0
0
0.0
1
-0.005611258093267679
0.2450238019227982
-0.1563901007175446
0
0.0
0
0.0
3
0
3
3
-1.0
2
1
3
1
3.0
0
0
0
0
0.0
1
0.004295059945434332
0.0
-0.4767167866230011
1
1.0
0
0.0
17
16
2
2
-1.0
17
16
2
1
2.0
0
0
0
0
0.0
1
0.004514288157224655
0.1069843024015427
-0.9047132134437561
0
0.0
0
0.0
5
11
3
3
-1.0
6
12
1
3
3.0
0
0
0
0
0.0
1
0.007529763970524073
0.0
0.412398099899292
1
1.0
0
0.0
3
11
2
2
-1.0
3
11
1
1
2.0
4
12
1
1
2.0
0
-0.001222528051584959
0.2848817110061646
-0.1981569975614548
0
0.0
0
0.0
16
9
2
2
-1.0
16
9
1
2
2.0
0
0
0
0
0.0
1
-0.003470381023362279
-0.4496796131134033
0.0
0
0.0
1
1.0
4
9
2
2
-1.0
4
9
2
1
2.0
0
0
0
0
0.0
1
0.008372465148568153
0.1532424986362457
-0.3866685032844543
0
0.0
0
0.0
3
10
2
3
-1.0
2
11
2
1
3.0
0
0
0
0
0.0
1
-3.393461884115823e-5
0.0
-0.3142907023429871
1
1.0
0
0.0
0
0
20
20
-1.0
0
0
10
10
2.0
10
10
10
10
2.0
0
-0.2724170982837677
-0.5584210157394409
0.1662781983613968
0
0.0
0
0.0
7
16
5
3
-1.0
7
17
5
1
3.0
0
0
0
0
0.0
0
-0.002758274087682366
0.271895706653595
0.0
0
0.0
1
1.0
14
1
3
6
-1.0
12
3
3
2
3.0
0
0
0
0
0.0
1
0.0255304891616106
-0.1917200982570648
0.4378049969673157
0
0.0
0
0.0
6
0
4
7
-1.0
7
0
2
7
2.0
0
0
0
0
0.0
0
0.004208038095384836
0.0
-0.4468413889408112
1
1.0
0
0.0
9
5
9
6
-1.0
12
5
3
6
3.0
0
0
0
0
0.0
0
-0.008215144276618958
0.2278670966625214
-0.1744178980588913
0
0.0
0
0.0
5
18
4
2
-1.0
6
18
2
2
2.0
0
0
0
0
0.0
0
-0.002940542995929718
-0.7264354825019836
0.0
0
0.0
1
1.0
7
7
6
8
-1.0
9
7
2
8
3.0
0
0
0
0
0.0
0
-0.009484026581048965
0.2079429030418396
-0.1523991972208023
0
0.0
0
0.0
18
16
2
4
-1.0
18
16
1
2
2.0
19
18
1
2
2.0
0
0.004259645007550716
0.0
0.6177268028259277
1
1.0
0
0.0
11
18
2
2
-1.0
12
18
1
2
2.0
0
0
0
0
0.0
0
-0.00171174795832485
-0.7110661268234253
-0.006187525112181902
0
0.0
0
0.0
3
2
5
2
-1.0
3
3
5
1
2.0
0
0
0
0
0.0
0
-0.001326616038568318
0.1718126982450485
0.0
0
0.0
1
1.0
7
1
6
4
-1.0
7
3
6
2
2.0
0
0
0
0
0.0
0
0.009131430648267269
-0.4113875925540924
0.1812427937984467
0
0.0
0
0.0
2
0
2
2
-1.0
2
0
2
1
2.0
0
0
0
0
0.0
1
0.006838236004114151
0.0
-0.5760108232498169
1
1.0
0
0.0
0
1
16
1
-1.0
8
1
8
1
2.0
0
0
0
0
0.0
0
0.007518198806792498
-0.1081907972693443
0.2956142127513885
0
0.0
0
0.0
11
1
3
10
-1.0
12
1
1
10
3.0
0
0
0
0
0.0
0
-0.007278881967067719
-0.5811352133750916
0.0
0
0.0
1
1.0
4
0
4
4
-1.0
5
1
2
4
2.0
0
0
0
0
0.0
1
-0.018039470538497
0.4518306851387024
-0.0270830895751715
0
0.0
0
0.0
4
13
3
2
-1.0
5
13
1
2
3.0
0
0
0
0
0.0
0
-0.001012659980915487
0.2434411942958832
0.0
0
0.0
1
1.0
8
11
4
3
-1.0
7
12
4
1
3.0
0
0
0
0
0.0
1
-0.006726319901645184
0.1687044054269791
-0.2700772881507874
0
0.0
0
0.0
7
17
4
3
-1.0
8
17
2
3
2.0
0
0
0
0
0.0
0
-0.003233497031033039
-0.6004822254180908
0.0
0
0.0
1
1.0
5
19
2
1
-1.0
6
19
1
1
2.0
0
0
0
0
0.0
0
-7.785220077494159e-5
0.2424176931381226
-0.1241324990987778
0
0.0
0
0.0
0
9
2
2
-1.0
0
9
1
1
2.0
1
10
1
1
2.0
0
-6.777472299290821e-5
0.1572915017604828
0.0
0
0.0
1
1.0
0
9
2
2
-1.0
0
9
1
1
2.0
1
10
1
1
2.0
0
7.178967643994838e-5
-0.5289350748062134
-0.0316655710339546
0
0.0
0
0.0
6
9
2
2
-1.0
6
9
2
1
2.0
0
0
0
0
0.0
1
0.0100242998450994
0.0
-0.4864695966243744
1
1.0
0
0.0
0
10
5
3
-1.0
0
11
5
1
3.0
0
0
0
0
0.0
0
0.009429849684238434
0.1124086976051331
-0.4257048964500427
0
0.0
0
0.0
3
10
2
2
-1.0
3
10
1
1
2.0
4
11
1
1
2.0
0
-0.0007443372160196304
0.275407612323761
0.0
0
0.0
1
1.0
0
10
18
1
-1.0
6
10
6
1
3.0
0
0
0
0
0.0
0
0.0116605600342155
-0.2311726063489914
0.2244233042001724
0
0.0
0
0.0
17
4
3
1
-1.0
18
5
1
1
3.0
0
0
0
0
0.0
1
0.003907940816134214
0.0
-0.6351963877677917
1
1.0
0
0.0
17
1
2
7
-1.0
17
1
1
7
2.0
0
0
0
0
0.0
1
0.0165501497685909
0.1061910018324852
-0.47654989361763
0
0.0
0
0.0
-1.965791940689087
6
13
9
2
-1.0
9
13
3
2
3.0
0
0
0
0
0.0
0
-0.0184390302747488
0.0
-0.4874570965766907
1
1.0
0
0.0
4
9
16
6
-1.0
4
11
16
2
3.0
0
0
0
0
0.0
0
-0.0533645190298557
0.5103781223297119
-0.2267013043165207
0
0.0
0
0.0
1
1
16
4
-1.0
1
3
16
2
2.0
0
0
0
0
0.0
0
-0.0757063180208206
0.4148775041103363
0.0
0
0.0
1
1.0
14
12
3
3
-1.0
15
12
1
3
3.0
0
0
0
0
0.0
0
-0.001532900962047279
0.08576493710279461
-0.4347091019153595
0
0.0
0
0.0
2
9
6
2
-1.0
4
11
2
2
3.0
0
0
0
0
0.0
1
-0.0244948901236057
0.0
-0.2753269970417023
1
1.0
0
0.0
10
0
8
10
-1.0
12
0
4
10
2.0
0
0
0
0
0.0
0
-0.0003814416122622788
0.3804396986961365
-0.4396784901618958
0
0.0
0
0.0
1
12
16
4
-1.0
5
12
8
4
2.0
0
0
0
0
0.0
0
-0.008881677873432636
0.0
-0.4325881898403168
1
1.0
0
0.0
13
8
6
9
-1.0
15
11
2
3
9.0
0
0
0
0
0.0
0
-0.0396251305937767
0.2448122054338455
-0.2619363963603973
0
0.0
0
0.0
19
0
1
8
-1.0
19
4
1
4
2.0
0
0
0
0
0.0
0
-0.003590739099308848
0.0
-0.3619948029518127
1
1.0
0
0.0
8
2
10
6
-1.0
8
5
10
3
2.0
0
0
0
0
0.0
0
0.0370088703930378
0.0226374603807926
0.557784378528595
0
0.0
0
0.0
18
7
2
1
-1.0
19
7
1
1
2.0
0
0
0
0
0.0
0
7.850393012631685e-5
-0.3386113047599792
0.0
0
0.0
1
1.0
19
4
1
12
-1.0
19
7
1
6
2.0
0
0
0
0
0.0
0
-0.004796970169991255
0.3185609877109528
-0.1660024970769882
0
0.0
0
0.0
8
11
3
3
-1.0
9
12
1
1
9.0
0
0
0
0
0.0
0
-0.0112980101257563
0.373054713010788
0.0
0
0.0
1
1.0
7
12
3
3
-1.0
8
12
1
3
3.0
0
0
0
0
0.0
0
-0.004488653969019651
0.2969295978546143
-0.2523576021194458
0
0.0
0
0.0
6
13
3
2
-1.0
7
13
1
2
3.0
0
0
0
0
0.0
0
-0.00224977801553905
0.3426302969455719
0.0
0
0.0
1
1.0
17
15
3
2
-1.0
17
15
3
1
2.0
0
0
0
0
0.0
1
0.002924723085016012
-0.0565932393074036
-0.7062603235244751
0
0.0
0
0.0
11
6
3
3
-1.0
12
6
1
3
3.0
0
0
0
0
0.0
0
0.001797663047909737
0.0
-0.5418022871017456
1
1.0
0
0.0
0
15
2
4
-1.0
0
17
2
2
2.0
0
0
0
0
0.0
0
0.001980860950425267
-0.2564300894737244
0.1844687014818192
0
0.0
0
0.0
12
9
7
2
-1.0
12
9
7
1
2.0
0
0
0
0
0.0
1
-0.004768833983689547
-0.2969822883605957
0.0
0
0.0
1
1.0
6
5
8
7
-1.0
10
5
4
7
2.0
0
0
0
0
0.0
0
-0.0157556105405092
0.2895937860012054
-0.1648074984550476
0
0.0
0
0.0
6
17
8
3
-1.0
8
17
4
3
2.0
0
0
0
0
0.0
0
-0.0119196400046349
-0.5856721997261047
0.0
0
0.0
1
1.0
0
17
4
3
-1.0
0
18
4
1
3.0
0
0
0
0
0.0
0
0.00423081312328577
0.1360127031803131
-0.4816245138645172
0
0.0
0
0.0
5
1
10
6
-1.0
5
3
10
2
3.0
0
0
0
0
0.0
0
0.0205485504120588
0.0
0.3014349937438965
1
1.0
0
0.0
0
2
18
2
-1.0
6
2
6
2
3.0
0
0
0
0
0.0
0
-0.007394333835691214
0.0463677607476711
-0.4237951934337616
0
0.0
0
0.0
7
8
6
3
-1.0
7
9
6
1
3.0
0
0
0
0
0.0
0
-0.006213780026882887
0.4572427868843079
0.0
0
0.0
1
1.0
10
8
1
3
-1.0
10
9
1
1
3.0
0
0
0
0
0.0
0
0.001418280997313559
-0.3014363944530487
0.1820451021194458
0
0.0
0
0.0
16
1
3
2
-1.0
17
2
1
2
3.0
0
0
0
0
0.0
1
0.004160942044109106
0.0
-0.5265483856201172
1
1.0
0
0.0
2
10
1
2
-1.0
2
10
1
1
2.0
0
0
0
0
0.0
1
-0.003791532013565302
-0.5867707133293152
0.1170366033911705
0
0.0
0
0.0
2
9
1
2
-1.0
2
9
1
1
2.0
0
0
0
0
0.0
1
0.002087915083393455
0.0
-0.3530772924423218
1
1.0
0
0.0
3
9
2
3
-1.0
2
10
2
1
3.0
0
0
0
0
0.0
1
0.001501854043453932
0.1862480044364929
-0.3272973001003265
0
0.0
0
0.0
2
14
12
6
-1.0
2
14
6
3
2.0
8
17
6
3
2.0
0
0.0212488099932671
0.0
-0.3197925984859467
1
1.0
0
0.0
15
17
1
2
-1.0
15
17
1
1
2.0
0
0
0
0
0.0
1
-0.0005524975131265819
0.2337023019790649
-0.1738619953393936
0
0.0
0
0.0
17
11
3
3
-1.0
18
12
1
3
3.0
0
0
0
0
0.0
1
-0.003008516971021891
0.1759604960680008
0.0
0
0.0
1
1.0
13
12
3
2
-1.0
14
12
1
2
3.0
0
0
0
0
0.0
0
-0.001161191961728036
0.1603343039751053
-0.3968097865581512
0
0.0
0
0.0
16
18
4
2
-1.0
18
18
2
2
2.0
0
0
0
0
0.0
0
-0.003965558018535376
0.3669176995754242
0.0
0
0.0
1
1.0
18
14
2
4
-1.0
17
15
2
2
2.0
0
0
0
0
0.0
1
-0.006583610083907843
-0.6296635866165161
-0.0249264501035213
0
0.0
0
0.0
12
13
3
1
-1.0
13
13
1
1
3.0
0
0
0
0
0.0
0
-0.0009095047134906054
0.3957498073577881
0.0
0
0.0
1
1.0
11
12
3
3
-1.0
12
13
1
1
9.0
0
0
0
0
0.0
0
-0.005798452999442816
0.1749224066734314
-0.2683740854263306
0
0.0
0
0.0
0
0
16
20
-1.0
8
0
8
20
2.0
0
0
0
0
0.0
0
-0.5775880217552185
0.596113920211792
0.0
0
0.0
1
1.0
3
0
8
5
-1.0
5
0
4
5
2.0
0
0
0
0
0.0
0
-0.0151613103225827
-0.6613163948059082
0.0003360836126375943
0
0.0
0
0.0
0
0
2
1
-1.0
1
0
1
1
2.0
0
0
0
0
0.0
0
7.660467235837132e-5
0.0
0.2040158957242966
1
1.0
0
0.0
1
2
19
4
-1.0
1
4
19
2
2.0
0
0
0
0
0.0
0
0.0277699790894985
-0.3209733068943024
0.2231740057468414
0
0.0
0
0.0
12
7
3
4
-1.0
13
7
1
4
3.0
0
0
0
0
0.0
0
-0.002633617958053946
-0.3965649902820587
0.0
0
0.0
1
1.0
15
6
3
3
-1.0
16
7
1
3
3.0
0
0
0
0
0.0
1
0.008372214622795582
0.1388397067785263
-0.580062210559845
0
0.0
0
0.0
3
13
2
2
-1.0
3
13
1
1
2.0
4
14
1
1
2.0
0
-0.0007020303164608777
0.2777728140354156
0.0
0
0.0
1
1.0
2
12
2
2
-1.0
2
12
1
1
2.0
3
13
1
1
2.0
0
-0.0004844887007493526
0.2162851989269257
-0.296922504901886
0
0.0
0
0.0
0
3
19
4
-1.0
0
4
19
2
2.0
0
0
0
0
0.0
0
-0.033638171851635
0.3579196929931641
0.0
0
0.0
1
1.0
17
7
3
4
-1.0
18
8
1
4
3.0
0
0
0
0
0.0
1
0.004424123093485832
-0.0008663202752359211
-0.5587272047996521
0
0.0
0
0.0
4
8
3
4
-1.0
5
9
1
4
3.0
0
0
0
0
0.0
1
0.0115452604368329
0.0
0.3383761942386627
1
1.0
0
0.0
14
11
4
6
-1.0
15
11
2
6
2.0
0
0
0
0
0.0
0
-0.001581663964316249
0.0286606997251511
-0.3504197001457214
0
0.0
0
0.0
18
3
2
6
-1.0
18
5
2
2
3.0
0
0
0
0
0.0
0
0.0138381402939558
0.0
-0.7788680791854858
1
1.0
0
0.0
14
3
2
4
-1.0
14
3
2
2
2.0
0
0
0
0
0.0
1
0.0283274091780186
-0.0186049100011587
0.6214786767959595
0
0.0
0
0.0
7
9
5
4
-1.0
7
10
5
2
2.0
0
0
0
0
0.0
0
-0.008848216384649277
0.2636981904506683
0.0
0
0.0
1
1.0
12
11
8
2
-1.0
12
12
8
1
2.0
0
0
0
0
0.0
0
-0.001166102010756731
0.1030258014798164
-0.3268001079559326
0
0.0
0
0.0
16
13
3
4
-1.0
16
13
3
2
2.0
0
0
0
0
0.0
1
-0.0322522111237049
-0.5004624128341675
0.0
0
0.0
1
1.0
14
7
5
9
-1.0
14
10
5
3
3.0
0
0
0
0
0.0
0
-0.0949211195111275
-0.7276101112365723
0.103301003575325
0
0.0
0
0.0
0
12
1
3
-1.0
0
13
1
1
3.0
0
0
0
0
0.0
0
0.00251772697083652
0.0
-0.6393802762031555
1
1.0
0
0.0
6
6
3
6
-1.0
4
8
3
2
3.0
0
0
0
0
0.0
1
-0.040892168879509
-0.5734522938728333
0.08150252699852
0
0.0
0
0.0
0
9
9
1
-1.0
3
9
3
1
3.0
0
0
0
0
0.0
0
-0.001929318998008966
0.2417722940444946
0.0
0
0.0
1
1.0
0
9
6
2
-1.0
0
9
3
1
2.0
3
10
3
1
2.0
0
-0.001411639037542045
0.080363817512989
-0.3614653944969177
0
0.0
0
0.0
3
2
4
4
-1.0
4
2
2
4
2.0
0
0
0
0
0.0
0
-0.003881277982145548
-0.5763878226280212
0.0
0
0.0
1
1.0
18
3
2
3
-1.0
18
4
2
1
3.0
0
0
0
0
0.0
0
0.004463036078959703
0.09183578938245771
-0.6803910136222839
0
0.0
0
0.0
6
16
3
3
-1.0
6
17
3
1
3.0
0
0
0
0
0.0
0
0.002987083978950977
-0.1023664027452469
0.0
0
0.0
1
1.0
1
16
6
3
-1.0
1
17
6
1
3.0
0
0
0
0
0.0
0
0.009497533552348614
0.4915060997009277
-0.3801138997077942
0
0.0
0
0.0
-1.764942049980164
